0.000000000000000000e+00 0.000000000000000000e+00
1.515151515151515194e-02 1.255977681966543268e-02
3.030303030303030387e-02 2.422629754272355093e-02
4.545454545454545581e-02 3.842437109776006970e-02
6.060606060606060774e-02 2.072928185057495293e-02
7.575757575757575968e-02 1.731216888229488229e-02
9.090909090909091161e-02 1.583351356585079028e-02
1.060606060606060635e-01 1.531311152196905383e-02
1.212121212121212155e-01 1.493516905254197065e-02
1.363636363636363535e-01 1.465580800395711522e-02
1.515151515151515194e-01 1.406573541624474288e-02
1.666666666666666852e-01 1.341721176461341952e-02
1.818181818181818232e-01 1.274747490397815965e-02
1.969696969696969613e-01 1.217146941695067264e-02
2.121212121212121271e-01 1.164360845867461365e-02
2.272727272727272929e-01 1.114033360924620089e-02
2.424242424242424310e-01 1.065283801705202600e-02
2.575757575757575690e-01 1.025931356197386582e-02
2.727272727272727071e-01 9.924081151765334202e-03
2.878787878787879007e-01 9.612289380525843030e-03
3.030303030303030387e-01 9.323385573821578801e-03
3.181818181818181768e-01 9.043928841816003747e-03
3.333333333333333703e-01 8.812473345087563914e-03
3.484848484848485084e-01 8.596272492766024453e-03
3.636363636363636465e-01 8.409895238512694535e-03
3.787878787878787845e-01 8.233158977007767193e-03
3.939393939393939226e-01 8.079031292687773730e-03
4.090909090909091161e-01 7.936577255426981864e-03
4.242424242424242542e-01 7.797662149422512901e-03
4.393939393939393923e-01 7.672493009153386230e-03
4.545454545454545858e-01 7.554240023650817676e-03
4.696969696969697239e-01 7.449548367026815471e-03
4.848484848484848619e-01 7.346564291058750758e-03
5.000000000000000000e-01 7.250817236369471418e-03
5.151515151515151381e-01 7.167915631848712638e-03
5.303030303030302761e-01 7.081734323230931723e-03
5.454545454545454142e-01 7.002402907676710288e-03
5.606060606060606633e-01 6.923129725717395121e-03
5.757575757575758013e-01 6.848850816170324110e-03
5.909090909090909394e-01 6.779980257905823988e-03
6.060606060606060774e-01 6.711366238675554874e-03
6.212121212121212155e-01 6.645828616777670061e-03
6.363636363636363535e-01 6.584709221189545200e-03
6.515151515151514916e-01 6.527480206993352581e-03
6.666666666666667407e-01 6.471769320890265360e-03
6.818181818181818787e-01 6.418326371904921161e-03
6.969696969696970168e-01 6.367160852675041866e-03
7.121212121212121549e-01 6.315365739640373122e-03
7.272727272727272929e-01 6.266448418824011046e-03
7.424242424242424310e-01 6.218029993168246346e-03
7.575757575757575690e-01 6.175018196059042265e-03
7.727272727272727071e-01 6.132476012373736136e-03
7.878787878787878451e-01 6.093160009222767758e-03
8.030303030303030942e-01 6.054742073372762837e-03
8.181818181818182323e-01 6.015677264040386434e-03
8.333333333333333703e-01 5.979303749200496829e-03
8.484848484848485084e-01 5.945779674822511233e-03
8.636363636363636465e-01 5.911356892488436876e-03
8.787878787878787845e-01 5.877907537744262237e-03
8.939393939393939226e-01 5.846058321391572540e-03
9.090909090909091717e-01 5.813763362371625332e-03
9.242424242424243097e-01 5.784643750302396505e-03
9.393939393939394478e-01 5.754487261222716171e-03
9.545454545454545858e-01 5.723962110989756422e-03
9.696969696969697239e-01 5.695919411588879974e-03
9.848484848484848619e-01 5.668082424128464622e-03
1.000000000000000000e+00 5.641817660341180533e-03
1.015151515151515138e+00 5.617012472070441985e-03
1.030303030303030276e+00 5.591212069252396270e-03
1.045454545454545414e+00 5.567500895404466250e-03
1.060606060606060552e+00 5.541799831711006520e-03
1.075757575757575690e+00 5.519554220839526654e-03
1.090909090909090828e+00 5.497287584376627824e-03
1.106060606060606188e+00 5.475553180401903676e-03
1.121212121212121327e+00 5.453457727605051826e-03
1.136363636363636465e+00 5.434731699179295994e-03
1.151515151515151603e+00 5.415561561869518953e-03
1.166666666666666741e+00 5.395362271529893956e-03
1.181818181818181879e+00 5.373588113721857774e-03
1.196969696969697017e+00 5.353658406273109627e-03
1.212121212121212155e+00 5.337539608357043212e-03
1.227272727272727293e+00 5.317754041180160034e-03
1.242424242424242431e+00 5.298371511504516330e-03
1.257575757575757569e+00 5.280656915854351451e-03
1.272727272727272707e+00 5.263337715179316686e-03
1.287878787878787845e+00 5.245731526313316719e-03
1.303030303030302983e+00 5.229590998561563404e-03
1.318181818181818121e+00 5.215146296331029524e-03
1.333333333333333481e+00 5.199757977182336080e-03
1.348484848484848619e+00 5.184867273741860030e-03
1.363636363636363757e+00 5.171516221140410804e-03
1.378787878787878896e+00 5.155002060318466910e-03
1.393939393939394034e+00 5.143871134520330152e-03
1.409090909090909172e+00 5.129594839227515080e-03
1.424242424242424310e+00 5.116050866410941714e-03
1.439393939393939448e+00 5.102716571082682208e-03
1.454545454545454586e+00 5.089749177997453765e-03
1.469696969696969724e+00 5.076374718371079453e-03
1.484848484848484862e+00 5.064855936517498151e-03
1.500000000000000000e+00 5.049270625558649819e-03
