0.000000000000000000e+00 1.061572470021542372e-15
1.515151515151515194e-02 2.589807439029741486e-08
3.030303030303030387e-02 1.844939190816928098e-03
4.545454545454545581e-02 3.187390297345132906e-02
6.060606060606060774e-02 1.505606523820773174e-02
7.575757575757575968e-02 1.225170528048483837e-02
9.090909090909091161e-02 1.078504523373812266e-02
1.060606060606060635e-01 9.863942097469312678e-03
1.212121212121212155e-01 9.287914467209366226e-03
1.363636363636363535e-01 9.117478725170116705e-03
1.515151515151515194e-01 9.513322119076355818e-03
1.666666666666666852e-01 1.060934438393127538e-02
1.818181818181818232e-01 1.278345500383158868e-02
1.969696969696969613e-01 1.668926024705769812e-02
2.121212121212121271e-01 2.312275634597217577e-02
2.272727272727272929e-01 3.375123631246117889e-02
2.424242424242424310e-01 4.135390383758656696e-02
2.575757575757575690e-01 4.463313554372558972e-02
2.727272727272727071e-01 4.487052694558292532e-02
2.878787878787879007e-01 4.553518864902836999e-02
3.030303030303030387e-01 4.310378442600241999e-02
3.181818181818181768e-01 4.060217084241091179e-02
3.333333333333333703e-01 3.654853738882325037e-02
3.484848484848485084e-01 2.886395330850330745e-02
3.636363636363636465e-01 2.298278042742726152e-02
3.787878787878787845e-01 1.896491705737288549e-02
3.939393939393939226e-01 1.628602016364595617e-02
4.090909090909091161e-01 1.456869873355980290e-02
4.242424242424242542e-01 1.289900579876666030e-02
4.393939393939393923e-01 1.160416016104914849e-02
4.545454545454545858e-01 1.061084115713062728e-02
4.696969696969697239e-01 9.860504693986391761e-03
4.848484848484848619e-01 9.228462801115609390e-03
5.000000000000000000e-01 8.687910146131988531e-03
5.151515151515151381e-01 8.276515379640619202e-03
5.303030303030302761e-01 7.922465060692426841e-03
5.454545454545454142e-01 7.605235857900265704e-03
5.606060606060606633e-01 7.352566294460375837e-03
5.757575757575758013e-01 7.125717998797726112e-03
5.909090909090909394e-01 6.939824430799220768e-03
6.060606060606060774e-01 6.776807383695751530e-03
6.212121212121212155e-01 6.637699800087010042e-03
6.363636363636363535e-01 6.506988081871533866e-03
6.515151515151514916e-01 6.382893304273194041e-03
6.666666666666667407e-01 6.264485891563181114e-03
6.818181818181818787e-01 6.174786014441608316e-03
6.969696969696970168e-01 6.096254672520846039e-03
7.121212121212121549e-01 6.024989344779264726e-03
7.272727272727272929e-01 5.970343094326219062e-03
7.424242424242424310e-01 5.914299641283986449e-03
7.575757575757575690e-01 5.870298250064810361e-03
7.727272727272727071e-01 5.824297990116226835e-03
7.878787878787878451e-01 5.778548260201751309e-03
8.030303030303030942e-01 5.741962992527009126e-03
8.181818181818182323e-01 5.706847507130560770e-03
8.333333333333333703e-01 5.675012006184260681e-03
8.484848484848485084e-01 5.648546756505057331e-03
8.636363636363636465e-01 5.619370816044484858e-03
8.787878787878787845e-01 5.591077629506350545e-03
8.939393939393939226e-01 5.564475935422328289e-03
9.090909090909091717e-01 5.541907602551781470e-03
9.242424242424243097e-01 5.518646564929524483e-03
9.393939393939394478e-01 5.492377476067516681e-03
9.545454545454545858e-01 5.472768566902982273e-03
9.696969696969697239e-01 5.451279231709344267e-03
9.848484848484848619e-01 5.436159214221786447e-03
1.000000000000000000e+00 5.413082272154353357e-03
1.015151515151515138e+00 5.406307363619195470e-03
1.030303030303030276e+00 5.394339396123809700e-03
1.045454545454545414e+00 5.381976017343883395e-03
1.060606060606060552e+00 5.365901189375740094e-03
1.075757575757575690e+00 5.352358053902279110e-03
1.090909090909090828e+00 5.343395174202375530e-03
1.106060606060606188e+00 5.333726251371760652e-03
1.121212121212121327e+00 5.320696378078794593e-03
1.136363636363636465e+00 5.310865254936161274e-03
1.151515151515151603e+00 5.301252015631784283e-03
1.166666666666666741e+00 5.284107390663203736e-03
1.181818181818181879e+00 5.270476914712411351e-03
1.196969696969697017e+00 5.257506455973096418e-03
1.212121212121212155e+00 5.244463392184008782e-03
1.227272727272727293e+00 5.230020292952880859e-03
1.242424242424242431e+00 5.213567361526152445e-03
1.257575757575757569e+00 5.203768793510775426e-03
1.272727272727272707e+00 5.190471367487985675e-03
1.287878787878787845e+00 5.176144692762838992e-03
1.303030303030302983e+00 5.163256791737823488e-03
1.318181818181818121e+00 5.153846381815149931e-03
1.333333333333333481e+00 5.145311927979890482e-03
1.348484848484848619e+00 5.134806672521967374e-03
1.363636363636363757e+00 5.126465392291006291e-03
1.378787878787878896e+00 5.115207141585078818e-03
1.393939393939394034e+00 5.100919264642856006e-03
1.409090909090909172e+00 5.089362149170087793e-03
1.424242424242424310e+00 5.079026225792478838e-03
1.439393939393939448e+00 5.069729142277062776e-03
1.454545454545454586e+00 5.060846835922315663e-03
1.469696969696969724e+00 5.052291192720747767e-03
1.484848484848484862e+00 5.049361224077694374e-03
1.500000000000000000e+00 5.043911648669638717e-03
