0.000000000000000000e+00 0.000000000000000000e+00
1.515151515151515194e-02 2.497364040999951879e-02
3.030303030303030387e-02 2.108023727934255770e-02
4.545454545454545581e-02 2.353854611300052260e-02
6.060606060606060774e-02 1.389144504962653605e-02
7.575757575757575968e-02 1.264072913424840565e-02
9.090909090909091161e-02 1.203509252146284930e-02
1.060606060606060635e-01 1.156722626115764402e-02
1.212121212121212155e-01 1.119632610687327015e-02
1.363636363636363535e-01 1.098037853704785655e-02
1.515151515151515194e-01 1.093967412314814092e-02
1.666666666666666852e-01 1.075862141153303107e-02
1.818181818181818232e-01 1.054005911237961522e-02
1.969696969696969613e-01 1.044785445751604189e-02
2.121212121212121271e-01 1.024405227630950134e-02
2.272727272727272929e-01 1.010642299882386595e-02
2.424242424242424310e-01 1.005409018861447464e-02
2.575757575757575690e-01 9.921449472691015389e-03
2.727272727272727071e-01 9.818823575797287415e-03
2.878787878787879007e-01 9.730886166114345592e-03
3.030303030303030387e-01 9.703856928220651670e-03
3.181818181818181768e-01 9.687377119142680584e-03
3.333333333333333703e-01 9.600620849845758684e-03
3.484848484848485084e-01 9.447694009260631728e-03
3.636363636363636465e-01 9.482219438643239851e-03
3.787878787878787845e-01 9.340940412708262364e-03
3.939393939393939226e-01 9.280799163653687123e-03
4.090909090909091161e-01 9.255883466522412187e-03
4.242424242424242542e-01 9.195121174466086220e-03
4.393939393939393923e-01 9.221256575265382796e-03
4.545454545454545858e-01 9.213904748271684389e-03
4.696969696969697239e-01 9.232690415219898389e-03
4.848484848484848619e-01 9.237091834918515626e-03
5.000000000000000000e-01 9.329739115502236335e-03
5.151515151515151381e-01 9.365704112367539622e-03
5.303030303030302761e-01 9.349276808863037427e-03
5.454545454545454142e-01 9.310478846633357675e-03
5.606060606060606633e-01 9.201855480582870478e-03
5.757575757575758013e-01 9.242729537775041387e-03
5.909090909090909394e-01 9.220779088947859622e-03
6.060606060606060774e-01 9.163587807810116490e-03
6.212121212121212155e-01 9.118556613291079263e-03
6.363636363636363535e-01 9.062560025509662845e-03
6.515151515151514916e-01 9.004077460890427473e-03
6.666666666666667407e-01 8.932270425241969208e-03
6.818181818181818787e-01 8.886059888508423057e-03
6.969696969696970168e-01 8.882359893213342961e-03
7.121212121212121549e-01 8.899144421073980696e-03
7.272727272727272929e-01 8.832501934768657859e-03
7.424242424242424310e-01 8.785517622776248606e-03
7.575757575757575690e-01 8.747449158309500081e-03
7.727272727272727071e-01 8.726172701292680967e-03
7.878787878787878451e-01 8.733991460046778427e-03
8.030303030303030942e-01 8.738822769935783788e-03
8.181818181818182323e-01 8.759504053955178421e-03
8.333333333333333703e-01 8.754641047472182941e-03
8.484848484848485084e-01 8.746441222399590695e-03
8.636363636363636465e-01 8.751372995275730204e-03
8.787878787878787845e-01 8.765674182134332998e-03
8.939393939393939226e-01 8.715645856097662542e-03
9.090909090909091717e-01 8.724164906963302601e-03
9.242424242424243097e-01 8.761568575667314993e-03
9.393939393939394478e-01 8.741813010722731050e-03
9.545454545454545858e-01 8.727424892310058427e-03
9.696969696969697239e-01 8.728025983037814711e-03
9.848484848484848619e-01 8.761901145791020640e-03
1.000000000000000000e+00 8.748580621976512553e-03
1.015151515151515138e+00 8.736658405353420545e-03
1.030303030303030276e+00 8.711723392800021018e-03
1.045454545454545414e+00 8.761671771901629810e-03
1.060606060606060552e+00 8.753694014143623137e-03
1.075757575757575690e+00 8.799996169159459911e-03
1.090909090909090828e+00 8.772123527629394762e-03
1.106060606060606188e+00 8.747801210029408289e-03
1.121212121212121327e+00 8.741185361932435685e-03
1.136363636363636465e+00 8.733135420065686605e-03
1.151515151515151603e+00 8.733808586268010724e-03
1.166666666666666741e+00 8.717658042811609817e-03
1.181818181818181879e+00 8.653222999874022464e-03
1.196969696969697017e+00 8.675067937869263002e-03
1.212121212121212155e+00 8.736142201355828404e-03
1.227272727272727293e+00 8.753903071022544127e-03
1.242424242424242431e+00 8.757755677829956106e-03
1.257575757575757569e+00 8.796618970857516748e-03
1.272727272727272707e+00 8.794241991528855065e-03
1.287878787878787845e+00 8.784874993925984726e-03
1.303030303030302983e+00 8.719274473344321152e-03
1.318181818181818121e+00 8.723670787028644721e-03
1.333333333333333481e+00 8.680732018658430735e-03
1.348484848484848619e+00 8.687342091769275146e-03
1.363636363636363757e+00 8.663336197943318634e-03
1.378787878787878896e+00 8.651271621630440140e-03
1.393939393939394034e+00 8.654337859885560119e-03
1.409090909090909172e+00 8.653449147109297523e-03
1.424242424242424310e+00 8.649542558540257095e-03
1.439393939393939448e+00 8.672428067274086730e-03
1.454545454545454586e+00 8.696397764263343391e-03
1.469696969696969724e+00 8.764817610118817715e-03
1.484848484848484862e+00 8.784845952207704506e-03
1.500000000000000000e+00 8.846046448812804400e-03
