0.000000000000000000e+00 1.963962138561844376e-03
1.515151515151515194e-02 7.122918643356977719e-02
3.030303030303030387e-02 5.335666767502256908e-02
4.545454545454545581e-02 4.561745847730723502e-02
6.060606060606060774e-02 4.099921705759072138e-02
7.575757575757575968e-02 3.781614822781544788e-02
9.090909090909091161e-02 3.545935629603127331e-02
1.060606060606060635e-01 3.364021009537611351e-02
1.212121212121212155e-01 3.218284896296685904e-02
1.363636363636363535e-01 3.096926401858279485e-02
1.515151515151515194e-01 2.996348717696466907e-02
1.666666666666666852e-01 2.909667792688815091e-02
1.818181818181818232e-01 2.835522277011692099e-02
1.969696969696969613e-01 2.769414060383479717e-02
2.121212121212121271e-01 2.710440162053994601e-02
2.272727272727272929e-01 2.656578758484118979e-02
2.424242424242424310e-01 2.608032322310312526e-02
2.575757575757575690e-01 2.564590395154095481e-02
2.727272727272727071e-01 2.525323642408143152e-02
2.878787878787879007e-01 2.489541010393752501e-02
3.030303030303030387e-01 2.456066734819225064e-02
3.181818181818181768e-01 2.425129133321074493e-02
3.333333333333333703e-01 2.397484989373702136e-02
3.484848484848485084e-01 2.371388189450079204e-02
3.636363636363636465e-01 2.348635213361585303e-02
3.787878787878787845e-01 2.325511011602476516e-02
3.939393939393939226e-01 2.303578489178179783e-02
4.090909090909091161e-01 2.283546531591174045e-02
4.242424242424242542e-01 2.264362600468728184e-02
4.393939393939393923e-01 2.245599790819575656e-02
4.545454545454545858e-01 2.228910335314039648e-02
4.696969696969697239e-01 2.211346319371155708e-02
4.848484848484848619e-01 2.196169631889787269e-02
5.000000000000000000e-01 2.180213538632571821e-02
5.151515151515151381e-01 2.165072412736556220e-02
5.303030303030302761e-01 2.150219545372292901e-02
5.454545454545454142e-01 2.137686885282246915e-02
5.606060606060606633e-01 2.126089493022623525e-02
5.757575757575758013e-01 2.112831704184667259e-02
5.909090909090909394e-01 2.100416355870228860e-02
6.060606060606060774e-01 2.088551298919705257e-02
6.212121212121212155e-01 2.077333496427536536e-02
6.363636363636363535e-01 2.067669953594569385e-02
6.515151515151514916e-01 2.057878849064184029e-02
6.666666666666667407e-01 2.048869265294772646e-02
6.818181818181818787e-01 2.040908015323118080e-02
6.969696969696970168e-01 2.032333140212261649e-02
7.121212121212121549e-01 2.024903744322008314e-02
7.272727272727272929e-01 2.017359362666095932e-02
7.424242424242424310e-01 2.011369620551296811e-02
7.575757575757575690e-01 2.005063677099864355e-02
7.727272727272727071e-01 1.998457518642879349e-02
7.878787878787878451e-01 1.992146800571300072e-02
8.030303030303030942e-01 1.986221419167015154e-02
8.181818181818182323e-01 1.981289026597208777e-02
8.333333333333333703e-01 1.976180853277591937e-02
8.484848484848485084e-01 1.972348044570411060e-02
8.636363636363636465e-01 1.968053453013380444e-02
8.787878787878787845e-01 1.963829671580495997e-02
8.939393939393939226e-01 1.960053547287491163e-02
9.090909090909091717e-01 1.956851959585094447e-02
9.242424242424243097e-01 1.951837694094597439e-02
9.393939393939394478e-01 1.947848596506660673e-02
9.545454545454545858e-01 1.944383002415226921e-02
9.696969696969697239e-01 1.941176805715843709e-02
9.848484848484848619e-01 1.937306523848382478e-02
1.000000000000000000e+00 1.934593891023853388e-02
1.015151515151515138e+00 1.931571110424543450e-02
1.030303030303030276e+00 1.926878143526824724e-02
1.045454545454545414e+00 1.923140500126445038e-02
1.060606060606060552e+00 1.918977854738010413e-02
1.075757575757575690e+00 1.914080593667693425e-02
1.090909090909090828e+00 1.909647090956140963e-02
1.106060606060606188e+00 1.906274446385534255e-02
1.121212121212121327e+00 1.901990003808007659e-02
1.136363636363636465e+00 1.897391425062914735e-02
1.151515151515151603e+00 1.890874221723114201e-02
1.166666666666666741e+00 1.885361153432560735e-02
1.181818181818181879e+00 1.879698935311336846e-02
1.196969696969697017e+00 1.874877012716790609e-02
1.212121212121212155e+00 1.869840418407123575e-02
1.227272727272727293e+00 1.863776823816976416e-02
1.242424242424242431e+00 1.859206067406529717e-02
1.257575757575757569e+00 1.853245830767911648e-02
1.272727272727272707e+00 1.847047359967666710e-02
1.287878787878787845e+00 1.842190745349381667e-02
1.303030303030302983e+00 1.836761239617949390e-02
1.318181818181818121e+00 1.831888824118018885e-02
1.333333333333333481e+00 1.827019205412360597e-02
1.348484848484848619e+00 1.822195968188019058e-02
1.363636363636363757e+00 1.817571891514964053e-02
1.378787878787878896e+00 1.812998006284807090e-02
1.393939393939394034e+00 1.808600959378767539e-02
1.409090909090909172e+00 1.804335721050077945e-02
1.424242424242424310e+00 1.800111203341094382e-02
1.439393939393939448e+00 1.795752503505437803e-02
1.454545454545454586e+00 1.791772222629991335e-02
1.469696969696969724e+00 1.788604920840406592e-02
1.484848484848484862e+00 1.785619046289087589e-02
1.500000000000000000e+00 1.785565543025869131e-02
