0.000000000000000000e+00 2.338474167304644205e-03
1.515151515151515194e-02 8.443394495024261759e-02
3.030303030303030387e-02 6.236297307667417605e-02
4.545454545454545581e-02 5.308168693725254933e-02
6.060606060606060774e-02 4.748871626236141757e-02
7.575757575757575968e-02 4.370801337998488773e-02
9.090909090909091161e-02 4.099387266047779810e-02
1.060606060606060635e-01 3.888028066115430115e-02
1.212121212121212155e-01 3.721121597296288275e-02
1.363636363636363535e-01 3.585844157496614198e-02
1.515151515151515194e-01 3.473350804428932542e-02
1.666666666666666852e-01 3.381588171489400413e-02
1.818181818181818232e-01 3.302873480107008236e-02
1.969696969696969613e-01 3.235037196602002368e-02
2.121212121212121271e-01 3.176709173319669510e-02
2.272727272727272929e-01 3.124318504670415414e-02
2.424242424242424310e-01 3.081177050887735566e-02
2.575757575757575690e-01 3.045285709762068568e-02
2.727272727272727071e-01 3.009992480958102387e-02
2.878787878787879007e-01 2.981221899439712164e-02
3.030303030303030387e-01 2.952089672779725782e-02
3.181818181818181768e-01 2.924831766430834035e-02
3.333333333333333703e-01 2.894491666221398612e-02
3.484848484848485084e-01 2.862992587487363585e-02
3.636363636363636465e-01 2.830684289377956644e-02
3.787878787878787845e-01 2.797134789982266834e-02
3.939393939393939226e-01 2.760571552105050425e-02
4.090909090909091161e-01 2.724677960736083746e-02
4.242424242424242542e-01 2.687858426005409335e-02
4.393939393939393923e-01 2.650650801388079736e-02
4.545454545454545858e-01 2.615668448634085944e-02
4.696969696969697239e-01 2.582973630604860557e-02
4.848484848484848619e-01 2.550225398510157573e-02
5.000000000000000000e-01 2.519258210937036849e-02
5.151515151515151381e-01 2.491401377488591459e-02
5.303030303030302761e-01 2.466287194017648121e-02
5.454545454545454142e-01 2.439920457807184459e-02
5.606060606060606633e-01 2.415165941910878480e-02
5.757575757575758013e-01 2.390659596425949440e-02
5.909090909090909394e-01 2.368701619944045891e-02
6.060606060606060774e-01 2.346688018140973345e-02
6.212121212121212155e-01 2.326174817898876007e-02
6.363636363636363535e-01 2.309290903031284078e-02
6.515151515151514916e-01 2.292766580338792201e-02
6.666666666666667407e-01 2.275832970507791694e-02
6.818181818181818787e-01 2.260306603525136931e-02
6.969696969696970168e-01 2.247394189223712868e-02
7.121212121212121549e-01 2.234909984592477888e-02
7.272727272727272929e-01 2.221623292444315986e-02
7.424242424242424310e-01 2.207911683629193780e-02
7.575757575757575690e-01 2.197239884433514756e-02
7.727272727272727071e-01 2.187467438463888345e-02
7.878787878787878451e-01 2.177810218476680659e-02
8.030303030303030942e-01 2.169522429110370271e-02
8.181818181818182323e-01 2.160729416273812764e-02
8.333333333333333703e-01 2.151532291680741810e-02
8.484848484848485084e-01 2.144274968495013881e-02
8.636363636363636465e-01 2.136242281137332860e-02
8.787878787878787845e-01 2.129572807898870088e-02
8.939393939393939226e-01 2.122398515550778450e-02
9.090909090909091717e-01 2.115395967075922590e-02
9.242424242424243097e-01 2.110587812162730351e-02
9.393939393939394478e-01 2.105750042511400633e-02
9.545454545454545858e-01 2.099707028013303098e-02
9.696969696969697239e-01 2.094475233130261085e-02
9.848484848484848619e-01 2.091329505849540485e-02
1.000000000000000000e+00 2.088277961329629631e-02
1.015151515151515138e+00 2.083570430960565018e-02
1.030303030303030276e+00 2.080552579216957479e-02
1.045454545454545414e+00 2.076382724990027615e-02
1.060606060606060552e+00 2.071957659511928715e-02
1.075757575757575690e+00 2.069001338666529369e-02
1.090909090909090828e+00 2.065539754320930982e-02
1.106060606060606188e+00 2.061874683017325682e-02
1.121212121212121327e+00 2.059330526819422996e-02
1.136363636363636465e+00 2.054958447259850468e-02
1.151515151515151603e+00 2.052222167168784098e-02
1.166666666666666741e+00 2.049099890652004638e-02
1.181818181818181879e+00 2.045625207748612284e-02
1.196969696969697017e+00 2.041387606673225955e-02
1.212121212121212155e+00 2.037289908684327897e-02
1.227272727272727293e+00 2.035427451992621525e-02
1.242424242424242431e+00 2.033872137484860759e-02
1.257575757575757569e+00 2.030580169616274730e-02
1.272727272727272707e+00 2.029278135068796410e-02
1.287878787878787845e+00 2.026199471381897113e-02
1.303030303030302983e+00 2.024677065447487087e-02
1.318181818181818121e+00 2.022577974952623897e-02
1.333333333333333481e+00 2.019950798889192170e-02
1.348484848484848619e+00 2.017487255553121472e-02
1.363636363636363757e+00 2.015357555795510569e-02
1.378787878787878896e+00 2.014627225399990770e-02
1.393939393939394034e+00 2.013771676902958649e-02
1.409090909090909172e+00 2.011440078498549430e-02
1.424242424242424310e+00 2.009619900954466576e-02
1.439393939393939448e+00 2.007968387605828589e-02
1.454545454545454586e+00 2.005561891860014809e-02
1.469696969696969724e+00 2.003276350974410314e-02
1.484848484848484862e+00 2.000671763932160285e-02
1.500000000000000000e+00 1.997779260349018607e-02
