0.000000000000000000e+00 1.954535020440636896e-03
1.515151515151515194e-02 7.144083505778546506e-02
3.030303030303030387e-02 5.359785239800685108e-02
4.545454545454545581e-02 4.577704894890389370e-02
6.060606060606060774e-02 4.115438726368321476e-02
7.575757575757575968e-02 3.799679402898200470e-02
9.090909090909091161e-02 3.567689007594393447e-02
1.060606060606060635e-01 3.386098921874716727e-02
1.212121212121212155e-01 3.242635288248661707e-02
1.363636363636363535e-01 3.122974460537865024e-02
1.515151515151515194e-01 3.022494250369233554e-02
1.666666666666666852e-01 2.936136196505116300e-02
1.818181818181818232e-01 2.860248208890278296e-02
1.969696969696969613e-01 2.792904534448658466e-02
2.121212121212121271e-01 2.735085481381179656e-02
2.272727272727272929e-01 2.682906071705067411e-02
2.424242424242424310e-01 2.634530889805203335e-02
2.575757575757575690e-01 2.593932839809634863e-02
2.727272727272727071e-01 2.556058444183980857e-02
2.878787878787879007e-01 2.520846966448508572e-02
3.030303030303030387e-01 2.489408074241460447e-02
3.181818181818181768e-01 2.457668693965705392e-02
3.333333333333333703e-01 2.430050570759299117e-02
3.484848484848485084e-01 2.405533684604142103e-02
3.636363636363636465e-01 2.382860846930787146e-02
3.787878787878787845e-01 2.359962077662456845e-02
3.939393939393939226e-01 2.337995584214160733e-02
4.090909090909091161e-01 2.317244598644418313e-02
4.242424242424242542e-01 2.297913206853986062e-02
4.393939393939393923e-01 2.279844861262764893e-02
4.545454545454545858e-01 2.261482795818574656e-02
4.696969696969697239e-01 2.244564577124845070e-02
4.848484848484848619e-01 2.228040389183539444e-02
5.000000000000000000e-01 2.210023804296797761e-02
5.151515151515151381e-01 2.193100516416214910e-02
5.303030303030302761e-01 2.177861019424475603e-02
5.454545454545454142e-01 2.161621005504827178e-02
5.606060606060606633e-01 2.145537370377116268e-02
5.757575757575758013e-01 2.130332786668404782e-02
5.909090909090909394e-01 2.114745680350353305e-02
6.060606060606060774e-01 2.101727773641014207e-02
6.212121212121212155e-01 2.089434394767097566e-02
6.363636363636363535e-01 2.075547310235704990e-02
6.515151515151514916e-01 2.064902891365520340e-02
6.666666666666667407e-01 2.053985215008432771e-02
6.818181818181818787e-01 2.043736011499572985e-02
6.969696969696970168e-01 2.033976400105153362e-02
7.121212121212121549e-01 2.024072211722177314e-02
7.272727272727272929e-01 2.013789385466528345e-02
7.424242424242424310e-01 2.005576888132819952e-02
7.575757575757575690e-01 1.998029677237345494e-02
7.727272727272727071e-01 1.990416907091394766e-02
7.878787878787878451e-01 1.983608691963307039e-02
8.030303030303030942e-01 1.975696976230913518e-02
8.181818181818182323e-01 1.968815827145083477e-02
8.333333333333333703e-01 1.961795534299196064e-02
8.484848484848485084e-01 1.953713707703697011e-02
8.636363636363636465e-01 1.946145035106426960e-02
8.787878787878787845e-01 1.939503044636231924e-02
8.939393939393939226e-01 1.932745557174118251e-02
9.090909090909091717e-01 1.926259520871903552e-02
9.242424242424243097e-01 1.919586400332904536e-02
9.393939393939394478e-01 1.914548616887260662e-02
9.545454545454545858e-01 1.908811911673870612e-02
9.696969696969697239e-01 1.902598032639233466e-02
9.848484848484848619e-01 1.897078830289383386e-02
1.000000000000000000e+00 1.893276107749478424e-02
1.015151515151515138e+00 1.888082166672461898e-02
1.030303030303030276e+00 1.883606131630362335e-02
1.045454545454545414e+00 1.879748552893259830e-02
1.060606060606060552e+00 1.874983150966072834e-02
1.075757575757575690e+00 1.870771736832105986e-02
1.090909090909090828e+00 1.866479270602020360e-02
1.106060606060606188e+00 1.862142457963804343e-02
1.121212121212121327e+00 1.857955019766776433e-02
1.136363636363636465e+00 1.853068940634402390e-02
1.151515151515151603e+00 1.848120939979762400e-02
1.166666666666666741e+00 1.843561600884574547e-02
1.181818181818181879e+00 1.839162475973135646e-02
1.196969696969697017e+00 1.835484089257146539e-02
1.212121212121212155e+00 1.832363508254331030e-02
1.227272727272727293e+00 1.827836809196690254e-02
1.242424242424242431e+00 1.822913016774516462e-02
1.257575757575757569e+00 1.817686142786009013e-02
1.272727272727272707e+00 1.813606483618955545e-02
1.287878787878787845e+00 1.810676107920336508e-02
1.303030303030302983e+00 1.806861966878240203e-02
1.318181818181818121e+00 1.802757331595430598e-02
1.333333333333333481e+00 1.798654119081462624e-02
1.348484848484848619e+00 1.796249202160031880e-02
1.363636363636363757e+00 1.792848253338849215e-02
1.378787878787878896e+00 1.790661941591283057e-02
1.393939393939394034e+00 1.787628006318708884e-02
1.409090909090909172e+00 1.785362381362358419e-02
1.424242424242424310e+00 1.783681074742620928e-02
1.439393939393939448e+00 1.780982075173613913e-02
1.454545454545454586e+00 1.778569922041227033e-02
1.469696969696969724e+00 1.776913639451174060e-02
1.484848484848484862e+00 1.775054097995595534e-02
1.500000000000000000e+00 1.775322322839920433e-02
