0.000000000000000000e+00 1.596002697168344983e-03
1.515151515151515194e-02 5.828022565613263234e-02
3.030303030303030387e-02 4.372493048047769448e-02
4.545454545454545581e-02 3.735058452173579957e-02
6.060606060606060774e-02 3.355503266979576599e-02
7.575757575757575968e-02 3.095982282401861171e-02
9.090909090909091161e-02 2.904543354664493662e-02
1.060606060606060635e-01 2.760034183506105201e-02
1.212121212121212155e-01 2.645183881265967055e-02
1.363636363636363535e-01 2.549834038740148023e-02
1.515151515151515194e-01 2.472631524956335827e-02
1.666666666666666852e-01 2.406869775966692312e-02
1.818181818181818232e-01 2.351998206021041829e-02
1.969696969696969613e-01 2.304317731776248795e-02
2.121212121212121271e-01 2.259253629720776174e-02
2.272727272727272929e-01 2.218742733288509711e-02
2.424242424242424310e-01 2.185088517437711736e-02
2.575757575757575690e-01 2.151366396925557742e-02
2.727272727272727071e-01 2.123057888075605484e-02
2.878787878787879007e-01 2.097419953692203007e-02
3.030303030303030387e-01 2.075208834477213285e-02
3.181818181818181768e-01 2.050459363811577701e-02
3.333333333333333703e-01 2.027590171043891151e-02
3.484848484848485084e-01 2.005417163086203533e-02
3.636363636363636465e-01 1.984697631232531373e-02
3.787878787878787845e-01 1.963370349745792096e-02
3.939393939393939226e-01 1.942867567437541257e-02
4.090909090909091161e-01 1.923548705721753529e-02
4.242424242424242542e-01 1.904863305047378025e-02
4.393939393939393923e-01 1.885673792141543195e-02
4.545454545454545858e-01 1.867164435250189339e-02
4.696969696969697239e-01 1.848346636963894146e-02
4.848484848484848619e-01 1.832393845473561170e-02
5.000000000000000000e-01 1.815642146562063131e-02
5.151515151515151381e-01 1.799769528423960166e-02
5.303030303030302761e-01 1.785174945244695152e-02
5.454545454545454142e-01 1.770630904356453733e-02
5.606060606060606633e-01 1.756458787492650928e-02
5.757575757575758013e-01 1.742998713929537480e-02
5.909090909090909394e-01 1.731622497018837567e-02
6.060606060606060774e-01 1.719306685769607726e-02
6.212121212121212155e-01 1.706509007327144251e-02
6.363636363636363535e-01 1.694573576959692435e-02
6.515151515151514916e-01 1.682878464194973583e-02
6.666666666666667407e-01 1.671307371152382093e-02
6.818181818181818787e-01 1.660053041351680983e-02
6.969696969696970168e-01 1.648233085157291625e-02
7.121212121212121549e-01 1.637134521471517515e-02
7.272727272727272929e-01 1.627238042959847433e-02
7.424242424242424310e-01 1.618500356842517141e-02
7.575757575757575690e-01 1.610327372018010780e-02
7.727272727272727071e-01 1.602385074051099201e-02
7.878787878787878451e-01 1.593840235391648721e-02
8.030303030303030942e-01 1.585122836320483966e-02
8.181818181818182323e-01 1.576997713303017815e-02
8.333333333333333703e-01 1.569838025821321606e-02
8.484848484848485084e-01 1.564380712166041701e-02
8.636363636363636465e-01 1.558282501652446736e-02
8.787878787878787845e-01 1.552587614079963332e-02
8.939393939393939226e-01 1.546637237984239271e-02
9.090909090909091717e-01 1.541456851848836858e-02
9.242424242424243097e-01 1.536887308660105089e-02
9.393939393939394478e-01 1.532757016312580323e-02
9.545454545454545858e-01 1.528672810003396491e-02
9.696969696969697239e-01 1.524609621744836552e-02
9.848484848484848619e-01 1.520927510312241812e-02
1.000000000000000000e+00 1.517452648490974672e-02
1.015151515151515138e+00 1.513608275180850643e-02
1.030303030303030276e+00 1.510494014423104103e-02
1.045454545454545414e+00 1.506737604586420864e-02
1.060606060606060552e+00 1.504081086117195140e-02
1.075757575757575690e+00 1.501770558601164644e-02
1.090909090909090828e+00 1.499170555832007694e-02
1.106060606060606188e+00 1.496628429996270035e-02
1.121212121212121327e+00 1.493508734601579208e-02
1.136363636363636465e+00 1.492156242971768784e-02
1.151515151515151603e+00 1.490164897618846337e-02
1.166666666666666741e+00 1.488060574860473884e-02
1.181818181818181879e+00 1.486578309799894797e-02
1.196969696969697017e+00 1.484725391066368805e-02
1.212121212121212155e+00 1.482510846283734487e-02
1.227272727272727293e+00 1.480941627024258238e-02
1.242424242424242431e+00 1.478741938994933801e-02
1.257575757575757569e+00 1.476480328881376973e-02
1.272727272727272707e+00 1.474569703790371174e-02
1.287878787878787845e+00 1.473376842033171860e-02
1.303030303030302983e+00 1.472461383304366628e-02
1.318181818181818121e+00 1.471033093226616073e-02
1.333333333333333481e+00 1.469519254285330499e-02
1.348484848484848619e+00 1.467894352465658019e-02
1.363636363636363757e+00 1.465749366240543146e-02
1.378787878787878896e+00 1.464726912100309912e-02
1.393939393939394034e+00 1.465245623739760625e-02
1.409090909090909172e+00 1.471659652754054269e-02
1.424242424242424310e+00 1.483083613564715846e-02
1.439393939393939448e+00 1.494988519803680006e-02
1.454545454545454586e+00 1.497716957127448109e-02
1.469696969696969724e+00 1.511804971235771247e-02
1.484848484848484862e+00 1.535736035254912750e-02
1.500000000000000000e+00 1.543421578721728381e-02
