0.000000000000000000e+00 2.159881466777914278e-03
1.515151515151515194e-02 7.878688577561025752e-02
3.030303030303030387e-02 5.898081234449972093e-02
4.545454545454545581e-02 5.049889227168066763e-02
6.060606060606060774e-02 4.540742704898827198e-02
7.575757575757575968e-02 4.192679397750188192e-02
9.090909090909091161e-02 3.933092586242213640e-02
1.060606060606060635e-01 3.732738628968323286e-02
1.212121212121212155e-01 3.574622199165565506e-02
1.363636363636363535e-01 3.441441441541979313e-02
1.515151515151515194e-01 3.330797552734691275e-02
1.666666666666666852e-01 3.235381063865233608e-02
1.818181818181818232e-01 3.153520155894123239e-02
1.969696969696969613e-01 3.082495010541606503e-02
2.121212121212121271e-01 3.016019918040564740e-02
2.272727272727272929e-01 2.960503957466360109e-02
2.424242424242424310e-01 2.907515209068775239e-02
2.575757575757575690e-01 2.854951286048136236e-02
2.727272727272727071e-01 2.810359564814392946e-02
2.878787878787879007e-01 2.771462427948079635e-02
3.030303030303030387e-01 2.735617042213940933e-02
3.181818181818181768e-01 2.703881690155297834e-02
3.333333333333333703e-01 2.672954803395194423e-02
3.484848484848485084e-01 2.643075083800608405e-02
3.636363636363636465e-01 2.614566597384394495e-02
3.787878787878787845e-01 2.591663270446209477e-02
3.939393939393939226e-01 2.567211232777268787e-02
4.090909090909091161e-01 2.543613279030977267e-02
4.242424242424242542e-01 2.521374214900303640e-02
4.393939393939393923e-01 2.499700335332125448e-02
4.545454545454545858e-01 2.478118815501392097e-02
4.696969696969697239e-01 2.457775918808072571e-02
4.848484848484848619e-01 2.440386759875872238e-02
5.000000000000000000e-01 2.424212052280549923e-02
5.151515151515151381e-01 2.406099000750122965e-02
5.303030303030302761e-01 2.389126450597462911e-02
5.454545454545454142e-01 2.373911778287449842e-02
5.606060606060606633e-01 2.359565450811643497e-02
5.757575757575758013e-01 2.344500720638076699e-02
5.909090909090909394e-01 2.328899342333042369e-02
6.060606060606060774e-01 2.313821756201899990e-02
6.212121212121212155e-01 2.298667702013291320e-02
6.363636363636363535e-01 2.285204859728550558e-02
6.515151515151514916e-01 2.273862417605284139e-02
6.666666666666667407e-01 2.261599028939556555e-02
6.818181818181818787e-01 2.250009720477394795e-02
6.969696969696970168e-01 2.237145626158126149e-02
7.121212121212121549e-01 2.226304563601057968e-02
7.272727272727272929e-01 2.214815155728786650e-02
7.424242424242424310e-01 2.205168335227896195e-02
7.575757575757575690e-01 2.196951555324951413e-02
7.727272727272727071e-01 2.186534391239570302e-02
7.878787878787878451e-01 2.174312670047709797e-02
8.030303030303030942e-01 2.166809886959693635e-02
8.181818181818182323e-01 2.159015866862028232e-02
8.333333333333333703e-01 2.148242225004214079e-02
8.484848484848485084e-01 2.140906412559708330e-02
8.636363636363636465e-01 2.132035954069813263e-02
8.787878787878787845e-01 2.123945279458256188e-02
8.939393939393939226e-01 2.116805051963503020e-02
9.090909090909091717e-01 2.109240591456017569e-02
9.242424242424243097e-01 2.104195757708127862e-02
9.393939393939394478e-01 2.099437903014593834e-02
9.545454545454545858e-01 2.093272793739801851e-02
9.696969696969697239e-01 2.086932225255272097e-02
9.848484848484848619e-01 2.079867925446423488e-02
1.000000000000000000e+00 2.073843965202858131e-02
1.015151515151515138e+00 2.068736704579975452e-02
1.030303030303030276e+00 2.062759089300490040e-02
1.045454545454545414e+00 2.056881361852233581e-02
1.060606060606060552e+00 2.051785426692547681e-02
1.075757575757575690e+00 2.048794125906190297e-02
1.090909090909090828e+00 2.043299237783516992e-02
1.106060606060606188e+00 2.038765311792800974e-02
1.121212121212121327e+00 2.034874641208270218e-02
1.136363636363636465e+00 2.031637019119870644e-02
1.151515151515151603e+00 2.027054774892056085e-02
1.166666666666666741e+00 2.023079351221648489e-02
1.181818181818181879e+00 2.020832064876149775e-02
1.196969696969697017e+00 2.018055739994722639e-02
1.212121212121212155e+00 2.014516655610027948e-02
1.227272727272727293e+00 2.010807681867677818e-02
1.242424242424242431e+00 2.008029123521205481e-02
1.257575757575757569e+00 2.005376311821525231e-02
1.272727272727272707e+00 2.003093370584546271e-02
1.287878787878787845e+00 2.000599880819692311e-02
1.303030303030302983e+00 1.998418424340831986e-02
1.318181818181818121e+00 1.994180945923251791e-02
1.333333333333333481e+00 1.991145060720950904e-02
1.348484848484848619e+00 1.988773906170386227e-02
1.363636363636363757e+00 1.984949532688784143e-02
1.378787878787878896e+00 1.982992705200826294e-02
1.393939393939394034e+00 1.978872567049859421e-02
1.409090909090909172e+00 1.976738708348248913e-02
1.424242424242424310e+00 1.974077024688046175e-02
1.439393939393939448e+00 1.971942048801319722e-02
1.454545454545454586e+00 1.971052611399531571e-02
1.469696969696969724e+00 1.969019288455222533e-02
1.484848484848484862e+00 1.966708394364333548e-02
1.500000000000000000e+00 1.961604094739622869e-02
