0.000000000000000000e+00 2.149910400564546045e-03
1.515151515151515194e-02 7.879671738292169658e-02
3.030303030303030387e-02 5.911009627137850386e-02
4.545454545454545581e-02 5.050543142165025978e-02
6.060606060606060774e-02 4.536650019742331091e-02
7.575757575757575968e-02 4.187612617079563421e-02
9.090909090909091161e-02 3.932008522886643737e-02
1.060606060606060635e-01 3.736444804908529982e-02
1.212121212121212155e-01 3.577727342401987309e-02
1.363636363636363535e-01 3.449989681016531889e-02
1.515151515151515194e-01 3.344499564344225601e-02
1.666666666666666852e-01 3.256286355864315696e-02
1.818181818181818232e-01 3.179433250126955518e-02
1.969696969696969613e-01 3.112832420815735482e-02
2.121212121212121271e-01 3.054789143152288750e-02
2.272727272727272929e-01 3.004984659856163934e-02
2.424242424242424310e-01 2.960548450434720424e-02
2.575757575757575690e-01 2.919952417506014794e-02
2.727272727272727071e-01 2.881280887621770828e-02
2.878787878787879007e-01 2.839922946586563579e-02
3.030303030303030387e-01 2.807124029741844481e-02
3.181818181818181768e-01 2.771724014392491775e-02
3.333333333333333703e-01 2.738354846398699874e-02
3.484848484848485084e-01 2.706326242466133847e-02
3.636363636363636465e-01 2.674947202738160723e-02
3.787878787878787845e-01 2.646157796066215401e-02
3.939393939393939226e-01 2.617175795668251481e-02
4.090909090909091161e-01 2.588392649904998691e-02
4.242424242424242542e-01 2.560869884556505466e-02
4.393939393939393923e-01 2.534320694648415848e-02
4.545454545454545858e-01 2.507923400239692874e-02
4.696969696969697239e-01 2.484173546912392741e-02
4.848484848484848619e-01 2.461931454258351609e-02
5.000000000000000000e-01 2.439897466458848183e-02
5.151515151515151381e-01 2.419582626593653335e-02
5.303030303030302761e-01 2.398183668430393933e-02
5.454545454545454142e-01 2.380001740804801869e-02
5.606060606060606633e-01 2.362127324523031688e-02
5.757575757575758013e-01 2.344169145646205279e-02
5.909090909090909394e-01 2.328323836765817251e-02
6.060606060606060774e-01 2.313977276528346796e-02
6.212121212121212155e-01 2.298793494054541739e-02
6.363636363636363535e-01 2.285914753946552413e-02
6.515151515151514916e-01 2.272507671504723006e-02
6.666666666666667407e-01 2.259449124676051954e-02
6.818181818181818787e-01 2.248629540260893220e-02
6.969696969696970168e-01 2.235503431959958223e-02
7.121212121212121549e-01 2.223765913709377373e-02
7.272727272727272929e-01 2.212708272477104110e-02
7.424242424242424310e-01 2.202328930912940061e-02
7.575757575757575690e-01 2.193923081994652094e-02
7.727272727272727071e-01 2.184301517289825162e-02
7.878787878787878451e-01 2.174251479808415183e-02
8.030303030303030942e-01 2.165933674781985591e-02
8.181818181818182323e-01 2.156553194663067205e-02
8.333333333333333703e-01 2.147159340194975882e-02
8.484848484848485084e-01 2.138426808953031860e-02
8.636363636363636465e-01 2.130091061007165221e-02
8.787878787878787845e-01 2.122774079405545522e-02
8.939393939393939226e-01 2.116004035655172713e-02
9.090909090909091717e-01 2.109174051311696330e-02
9.242424242424243097e-01 2.101710109090568906e-02
9.393939393939394478e-01 2.094900627882934768e-02
9.545454545454545858e-01 2.087466094875410280e-02
9.696969696969697239e-01 2.080954712527697051e-02
9.848484848484848619e-01 2.074506543592358893e-02
1.000000000000000000e+00 2.067929760112725140e-02
1.015151515151515138e+00 2.063070674417817260e-02
1.030303030303030276e+00 2.057507457390909955e-02
1.045454545454545414e+00 2.052767738594513114e-02
1.060606060606060552e+00 2.047282026867925167e-02
1.075757575757575690e+00 2.042353762557415353e-02
1.090909090909090828e+00 2.037648240348804290e-02
1.106060606060606188e+00 2.032571545976933486e-02
1.121212121212121327e+00 2.028401089504317314e-02
1.136363636363636465e+00 2.025174393602620360e-02
1.151515151515151603e+00 2.020291775577724366e-02
1.166666666666666741e+00 2.017150646110572529e-02
1.181818181818181879e+00 2.012432394121391188e-02
1.196969696969697017e+00 2.009125412165831820e-02
1.212121212121212155e+00 2.006580893316848441e-02
1.227272727272727293e+00 2.003505833895392191e-02
1.242424242424242431e+00 2.000490672456586502e-02
1.257575757575757569e+00 1.996620147467614501e-02
1.272727272727272707e+00 1.992783171500309147e-02
1.287878787878787845e+00 1.989792885937188491e-02
1.303030303030302983e+00 1.986615390602476661e-02
1.318181818181818121e+00 1.983518235573236699e-02
1.333333333333333481e+00 1.980349591156202460e-02
1.348484848484848619e+00 1.977298041804673168e-02
1.363636363636363757e+00 1.974788722576546057e-02
1.378787878787878896e+00 1.972526559484893277e-02
1.393939393939394034e+00 1.969993309521337471e-02
1.409090909090909172e+00 1.966651844743158919e-02
1.424242424242424310e+00 1.964780117341306809e-02
1.439393939393939448e+00 1.962164409481729349e-02
1.454545454545454586e+00 1.959754157346195111e-02
1.469696969696969724e+00 1.957372093681484029e-02
1.484848484848484862e+00 1.955885129098618863e-02
1.500000000000000000e+00 1.952789999978541205e-02
