0.000000000000000000e+00 2.173631065598615169e-03
1.515151515151515194e-02 7.875728093420616971e-02
3.030303030303030387e-02 5.910333650093335667e-02
4.545454545454545581e-02 5.048736746844489920e-02
6.060606060606060774e-02 4.534176377250409562e-02
7.575757575757575968e-02 4.183156601384649398e-02
9.090909090909091161e-02 3.926772525231655292e-02
1.060606060606060635e-01 3.725793788720536265e-02
1.212121212121212155e-01 3.566126266405995893e-02
1.363636363636363535e-01 3.435296641872531004e-02
1.515151515151515194e-01 3.329041855112649384e-02
1.666666666666666852e-01 3.240236462385823191e-02
1.818181818181818232e-01 3.162135699777081366e-02
1.969696969696969613e-01 3.095114151208283940e-02
2.121212121212121271e-01 3.035776196749865805e-02
2.272727272727272929e-01 2.983007681663608565e-02
2.424242424242424310e-01 2.937112521940397555e-02
2.575757575757575690e-01 2.896581741994907686e-02
2.727272727272727071e-01 2.858881865581430412e-02
2.878787878787879007e-01 2.826650904283886656e-02
3.030303030303030387e-01 2.795271376081976886e-02
3.181818181818181768e-01 2.766981439592511305e-02
3.333333333333333703e-01 2.741519645461633001e-02
3.484848484848485084e-01 2.718559498576076858e-02
3.636363636363636465e-01 2.695441558469495805e-02
3.787878787878787845e-01 2.672315508279786422e-02
3.939393939393939226e-01 2.650560946397154463e-02
4.090909090909091161e-01 2.631479685724244857e-02
4.242424242424242542e-01 2.611701897093302027e-02
4.393939393939393923e-01 2.593149199411876049e-02
4.545454545454545858e-01 2.573812470437705779e-02
4.696969696969697239e-01 2.551980689374090325e-02
4.848484848484848619e-01 2.531988000013607812e-02
5.000000000000000000e-01 2.511871767303952216e-02
5.151515151515151381e-01 2.490653916382062211e-02
5.303030303030302761e-01 2.470910124197079477e-02
5.454545454545454142e-01 2.449696244705752701e-02
5.606060606060606633e-01 2.430874478680688372e-02
5.757575757575758013e-01 2.408536595860120283e-02
5.909090909090909394e-01 2.389554581974228514e-02
6.060606060606060774e-01 2.372412828625262288e-02
6.212121212121212155e-01 2.353026326212872069e-02
6.363636363636363535e-01 2.334364807131022318e-02
6.515151515151514916e-01 2.318432930388944491e-02
6.666666666666667407e-01 2.302881614612410990e-02
6.818181818181818787e-01 2.286198904575327887e-02
6.969696969696970168e-01 2.270406031145032547e-02
7.121212121212121549e-01 2.254955674674921293e-02
7.272727272727272929e-01 2.239260446842665855e-02
7.424242424242424310e-01 2.227028776578428987e-02
7.575757575757575690e-01 2.214540644791268553e-02
7.727272727272727071e-01 2.200126359421198871e-02
7.878787878787878451e-01 2.188261395449318109e-02
8.030303030303030942e-01 2.175586195234540873e-02
8.181818181818182323e-01 2.164243831612495950e-02
8.333333333333333703e-01 2.151190419754677591e-02
8.484848484848485084e-01 2.140604998361436695e-02
8.636363636363636465e-01 2.130229119634560395e-02
8.787878787878787845e-01 2.119684415976847910e-02
8.939393939393939226e-01 2.110872414166567110e-02
9.090909090909091717e-01 2.102194378721206416e-02
9.242424242424243097e-01 2.093793155991919078e-02
9.393939393939394478e-01 2.086054037226116320e-02
9.545454545454545858e-01 2.078219652551115473e-02
9.696969696969697239e-01 2.070254387306338928e-02
9.848484848484848619e-01 2.064516424421816015e-02
1.000000000000000000e+00 2.059380731936739234e-02
1.015151515151515138e+00 2.052377804360874802e-02
1.030303030303030276e+00 2.045913183712303254e-02
1.045454545454545414e+00 2.040852472875508833e-02
1.060606060606060552e+00 2.036177336682509081e-02
1.075757575757575690e+00 2.032112272336462216e-02
1.090909090909090828e+00 2.026847100214915209e-02
1.106060606060606188e+00 2.021958967779511826e-02
1.121212121212121327e+00 2.017742822356334911e-02
1.136363636363636465e+00 2.014139281515516314e-02
1.151515151515151603e+00 2.010080977602018634e-02
1.166666666666666741e+00 2.007413448986408028e-02
1.181818181818181879e+00 2.003235268785044654e-02
1.196969696969697017e+00 1.999774061701490441e-02
1.212121212121212155e+00 1.997700359101204498e-02
1.227272727272727293e+00 1.993916940126137100e-02
1.242424242424242431e+00 1.990484775313505414e-02
1.257575757575757569e+00 1.986682013697893545e-02
1.272727272727272707e+00 1.983729165416456275e-02
1.287878787878787845e+00 1.980477725508167364e-02
1.303030303030302983e+00 1.978542416942631263e-02
1.318181818181818121e+00 1.974681422395200073e-02
1.333333333333333481e+00 1.971541021432918553e-02
1.348484848484848619e+00 1.968458294241184903e-02
1.363636363636363757e+00 1.964966858515809073e-02
1.378787878787878896e+00 1.962182095816671079e-02
1.393939393939394034e+00 1.959982623125250054e-02
1.409090909090909172e+00 1.957539573951351530e-02
1.424242424242424310e+00 1.954618480771870212e-02
1.439393939393939448e+00 1.952777308724255867e-02
1.454545454545454586e+00 1.950099973532619727e-02
1.469696969696969724e+00 1.947188105626899285e-02
1.484848484848484862e+00 1.943604689575929509e-02
1.500000000000000000e+00 1.937495181069373920e-02
