0.000000000000000000e+00 2.329228710172743123e-03
1.515151515151515194e-02 8.435311464534220316e-02
3.030303030303030387e-02 6.238698225154720722e-02
4.545454545454545581e-02 5.301519734947447715e-02
6.060606060606060774e-02 4.741541199788674305e-02
7.575757575757575968e-02 4.360035509111922364e-02
9.090909090909091161e-02 4.081192224824290588e-02
1.060606060606060635e-01 3.868691238508648045e-02
1.212121212121212155e-01 3.699688975019080339e-02
1.363636363636363535e-01 3.558873087039388095e-02
1.515151515151515194e-01 3.440803388403914503e-02
1.666666666666666852e-01 3.339892813720236886e-02
1.818181818181818232e-01 3.250837788230883513e-02
1.969696969696969613e-01 3.174599141991263362e-02
2.121212121212121271e-01 3.109182021057263143e-02
2.272727272727272929e-01 3.046513929843586155e-02
2.424242424242424310e-01 2.994262156723009188e-02
2.575757575757575690e-01 2.947625804128776658e-02
2.727272727272727071e-01 2.907076076116876448e-02
2.878787878787879007e-01 2.868989224607254238e-02
3.030303030303030387e-01 2.831513410032969469e-02
3.181818181818181768e-01 2.798843980587483946e-02
3.333333333333333703e-01 2.767138437405108550e-02
3.484848484848485084e-01 2.739579357818900177e-02
3.636363636363636465e-01 2.711297565839020443e-02
3.787878787878787845e-01 2.683264496548364714e-02
3.939393939393939226e-01 2.658569655719163205e-02
4.090909090909091161e-01 2.630791656220271557e-02
4.242424242424242542e-01 2.605636965808355923e-02
4.393939393939393923e-01 2.584026275441708709e-02
4.545454545454545858e-01 2.561250824584082597e-02
4.696969696969697239e-01 2.541398803841970339e-02
4.848484848484848619e-01 2.518871748937106733e-02
5.000000000000000000e-01 2.496311575638608671e-02
5.151515151515151381e-01 2.475999915630267348e-02
5.303030303030302761e-01 2.457653580809818217e-02
5.454545454545454142e-01 2.437607212119932351e-02
5.606060606060606633e-01 2.416923173305069242e-02
5.757575757575758013e-01 2.397319113550682237e-02
5.909090909090909394e-01 2.380047807783784719e-02
6.060606060606060774e-01 2.362846612767980845e-02
6.212121212121212155e-01 2.346429669833295303e-02
6.363636363636363535e-01 2.330727955756328740e-02
6.515151515151514916e-01 2.317622977037874996e-02
6.666666666666667407e-01 2.304545575627404280e-02
6.818181818181818787e-01 2.290626868375901862e-02
6.969696969696970168e-01 2.278994660078665843e-02
7.121212121212121549e-01 2.264209323517965208e-02
7.272727272727272929e-01 2.250398821966973287e-02
7.424242424242424310e-01 2.237813607917899655e-02
7.575757575757575690e-01 2.228387054326434746e-02
7.727272727272727071e-01 2.218480883028078887e-02
7.878787878787878451e-01 2.209177664606593733e-02
8.030303030303030942e-01 2.199194351710810277e-02
8.181818181818182323e-01 2.187670679109426919e-02
8.333333333333333703e-01 2.177263282182903895e-02
8.484848484848485084e-01 2.167520102444625216e-02
8.636363636363636465e-01 2.157854691234116842e-02
8.787878787878787845e-01 2.149921364490807799e-02
8.939393939393939226e-01 2.143443330211444384e-02
9.090909090909091717e-01 2.136705289849640324e-02
9.242424242424243097e-01 2.132468348816578610e-02
9.393939393939394478e-01 2.126470046378941409e-02
9.545454545454545858e-01 2.120807766393773344e-02
9.696969696969697239e-01 2.114003784212045017e-02
9.848484848484848619e-01 2.109123409989825670e-02
1.000000000000000000e+00 2.103089918792413679e-02
1.015151515151515138e+00 2.096453024456564063e-02
1.030303030303030276e+00 2.089769138552727626e-02
1.045454545454545414e+00 2.083967008430161194e-02
1.060606060606060552e+00 2.076691355388478322e-02
1.075757575757575690e+00 2.069539873226310459e-02
1.090909090909090828e+00 2.063168483860092564e-02
1.106060606060606188e+00 2.058640534262346986e-02
1.121212121212121327e+00 2.053912402364011652e-02
1.136363636363636465e+00 2.051246485355689292e-02
1.151515151515151603e+00 2.046503633860015381e-02
1.166666666666666741e+00 2.044999949922543178e-02
1.181818181818181879e+00 2.042015563109231269e-02
1.196969696969697017e+00 2.036997488967607489e-02
1.212121212121212155e+00 2.034097164307279229e-02
1.227272727272727293e+00 2.029925548659061371e-02
1.242424242424242431e+00 2.026062936898262098e-02
1.257575757575757569e+00 2.025105649003624067e-02
1.272727272727272707e+00 2.024494514130953382e-02
1.287878787878787845e+00 2.022075610923372221e-02
1.303030303030302983e+00 2.019407876411976124e-02
1.318181818181818121e+00 2.016933751724901691e-02
1.333333333333333481e+00 2.014256213773037499e-02
1.348484848484848619e+00 2.010823805227991701e-02
1.363636363636363757e+00 2.009260282304516781e-02
1.378787878787878896e+00 2.006292243128016822e-02
1.393939393939394034e+00 2.004044680239334617e-02
1.409090909090909172e+00 2.002578490862270272e-02
1.424242424242424310e+00 2.002041462586245935e-02
1.439393939393939448e+00 2.001353168381210523e-02
1.454545454545454586e+00 1.999025615442908896e-02
1.469696969696969724e+00 1.996219382709706752e-02
1.484848484848484862e+00 1.994868757933311587e-02
1.500000000000000000e+00 1.992540227901230462e-02
