0.000000000000000000e+00 2.147882116219882506e-03
1.515151515151515194e-02 7.890393178368734772e-02
3.030303030303030387e-02 5.918567374510120410e-02
4.545454545454545581e-02 5.053543537985010631e-02
6.060606060606060774e-02 4.541479785937590358e-02
7.575757575757575968e-02 4.189857114770968033e-02
9.090909090909091161e-02 3.933335775024830727e-02
1.060606060606060635e-01 3.733342216493559101e-02
1.212121212121212155e-01 3.569660645365910906e-02
1.363636363636363535e-01 3.436961449318242517e-02
1.515151515151515194e-01 3.327676248820472804e-02
1.666666666666666852e-01 3.234377590633145949e-02
1.818181818181818232e-01 3.151389390518807149e-02
1.969696969696969613e-01 3.078456217217665977e-02
2.121212121212121271e-01 3.013702019286625469e-02
2.272727272727272929e-01 2.957957843956125765e-02
2.424242424242424310e-01 2.906327269571639185e-02
2.575757575757575690e-01 2.857820188431180186e-02
2.727272727272727071e-01 2.814317558344841402e-02
2.878787878787879007e-01 2.775155031650232765e-02
3.030303030303030387e-01 2.739400989344291035e-02
3.181818181818181768e-01 2.707379342506075967e-02
3.333333333333333703e-01 2.678238461332791212e-02
3.484848484848485084e-01 2.651122702036691481e-02
3.636363636363636465e-01 2.624845056025428350e-02
3.787878787878787845e-01 2.601585888186209658e-02
3.939393939393939226e-01 2.577079010995374231e-02
4.090909090909091161e-01 2.557008240689413389e-02
4.242424242424242542e-01 2.534796488434609349e-02
4.393939393939393923e-01 2.514391824127758593e-02
4.545454545454545858e-01 2.499026822338094866e-02
4.696969696969697239e-01 2.482779591902657332e-02
4.848484848484848619e-01 2.467612832762452676e-02
5.000000000000000000e-01 2.450117843050091462e-02
5.151515151515151381e-01 2.434891244769207472e-02
5.303030303030302761e-01 2.419613786688917800e-02
5.454545454545454142e-01 2.405121579953350616e-02
5.606060606060606633e-01 2.389279378060429199e-02
5.757575757575758013e-01 2.374750618128629309e-02
5.909090909090909394e-01 2.361769565296982856e-02
6.060606060606060774e-01 2.347813376049120299e-02
6.212121212121212155e-01 2.334462983563351246e-02
6.363636363636363535e-01 2.323161513251037480e-02
6.515151515151514916e-01 2.313863933128034941e-02
6.666666666666667407e-01 2.301795412945126587e-02
6.818181818181818787e-01 2.291279713889394012e-02
6.969696969696970168e-01 2.279220972907751788e-02
7.121212121212121549e-01 2.265492588027706936e-02
7.272727272727272929e-01 2.255213650800050318e-02
7.424242424242424310e-01 2.244007433239628146e-02
7.575757575757575690e-01 2.234446031227311710e-02
7.727272727272727071e-01 2.222270923786922453e-02
7.878787878787878451e-01 2.212630005479831671e-02
8.030303030303030942e-01 2.201211742511099620e-02
8.181818181818182323e-01 2.191203597112847609e-02
8.333333333333333703e-01 2.181384004734734927e-02
8.484848484848485084e-01 2.170825295653089695e-02
8.636363636363636465e-01 2.161630385077133870e-02
8.787878787878787845e-01 2.152906711094162984e-02
8.939393939393939226e-01 2.143674601942288649e-02
9.090909090909091717e-01 2.134917422609449583e-02
9.242424242424243097e-01 2.127421939565176529e-02
9.393939393939394478e-01 2.120182499106759710e-02
9.545454545454545858e-01 2.112371443010221950e-02
9.696969696969697239e-01 2.105230651792050142e-02
9.848484848484848619e-01 2.098578675212028899e-02
1.000000000000000000e+00 2.092312756793147238e-02
1.015151515151515138e+00 2.084590029876690412e-02
1.030303030303030276e+00 2.079944714698859359e-02
1.045454545454545414e+00 2.073010341672659046e-02
1.060606060606060552e+00 2.065306335673294802e-02
1.075757575757575690e+00 2.057645713236429252e-02
1.090909090909090828e+00 2.051905720430034080e-02
1.106060606060606188e+00 2.047082793142734891e-02
1.121212121212121327e+00 2.041862583750512355e-02
1.136363636363636465e+00 2.036964122293472013e-02
1.151515151515151603e+00 2.034023535907833122e-02
1.166666666666666741e+00 2.029688003998241994e-02
1.181818181818181879e+00 2.025472651172511782e-02
1.196969696969697017e+00 2.020097516929132697e-02
1.212121212121212155e+00 2.016341727357521055e-02
1.227272727272727293e+00 2.012465098118550871e-02
1.242424242424242431e+00 2.010296951651644251e-02
1.257575757575757569e+00 2.006431857396586554e-02
1.272727272727272707e+00 2.002254828290960659e-02
1.287878787878787845e+00 1.999478145037100751e-02
1.303030303030302983e+00 1.994493566769198548e-02
1.318181818181818121e+00 1.990494136446885678e-02
1.333333333333333481e+00 1.986860424781808701e-02
1.348484848484848619e+00 1.983771954674373728e-02
1.363636363636363757e+00 1.981429775836396345e-02
1.378787878787878896e+00 1.978377693310572408e-02
1.393939393939394034e+00 1.975921271225766079e-02
1.409090909090909172e+00 1.972811831275321851e-02
1.424242424242424310e+00 1.970569280786947652e-02
1.439393939393939448e+00 1.968238055478802040e-02
1.454545454545454586e+00 1.965613739629109430e-02
1.469696969696969724e+00 1.962983077083749889e-02
1.484848484848484862e+00 1.961102645255581589e-02
1.500000000000000000e+00 1.957902594933596738e-02
