0.000000000000000000e+00 2.164218702876618324e-03
1.515151515151515194e-02 7.897566827907694098e-02
3.030303030303030387e-02 5.912814622661949349e-02
4.545454545454545581e-02 5.057413103320838182e-02
6.060606060606060774e-02 4.550299392653892050e-02
7.575757575757575968e-02 4.198895877002162963e-02
9.090909090909091161e-02 3.940442796984101187e-02
1.060606060606060635e-01 3.745323934904434132e-02
1.212121212121212155e-01 3.580616618474265211e-02
1.363636363636363535e-01 3.451765273943042944e-02
1.515151515151515194e-01 3.344591654485121884e-02
1.666666666666666852e-01 3.253329655101646484e-02
1.818181818181818232e-01 3.179188165947908346e-02
1.969696969696969613e-01 3.107061848354100361e-02
2.121212121212121271e-01 3.044603921829583740e-02
2.272727272727272929e-01 2.997991028417864787e-02
2.424242424242424310e-01 2.957625012914124468e-02
2.575757575757575690e-01 2.919163024139087223e-02
2.727272727272727071e-01 2.880458612932104354e-02
2.878787878787879007e-01 2.847191135452465174e-02
3.030303030303030387e-01 2.815982822895270188e-02
3.181818181818181768e-01 2.777696672801397218e-02
3.333333333333333703e-01 2.744106008307124756e-02
3.484848484848485084e-01 2.719742411547133865e-02
3.636363636363636465e-01 2.693132373747172612e-02
3.787878787878787845e-01 2.667299782335812858e-02
3.939393939393939226e-01 2.639147661271301279e-02
4.090909090909091161e-01 2.607402492764204077e-02
4.242424242424242542e-01 2.576788693817788287e-02
4.393939393939393923e-01 2.553074940049640529e-02
4.545454545454545858e-01 2.533402016384263961e-02
4.696969696969697239e-01 2.506859548643928723e-02
4.848484848484848619e-01 2.478731994663403021e-02
5.000000000000000000e-01 2.454534737111774972e-02
5.151515151515151381e-01 2.430782211790771113e-02
5.303030303030302761e-01 2.409364137554994428e-02
5.454545454545454142e-01 2.386814039274453778e-02
5.606060606060606633e-01 2.363389750591197644e-02
5.757575757575758013e-01 2.340613359943034127e-02
5.909090909090909394e-01 2.321520901425620093e-02
6.060606060606060774e-01 2.302435501351952213e-02
6.212121212121212155e-01 2.285533361376572425e-02
6.363636363636363535e-01 2.267937298650629652e-02
6.515151515151514916e-01 2.249273757128512213e-02
6.666666666666667407e-01 2.233858563586900783e-02
6.818181818181818787e-01 2.218207889076742600e-02
6.969696969696970168e-01 2.200834217098594781e-02
7.121212121212121549e-01 2.183895106335680472e-02
7.272727272727272929e-01 2.172295630766623437e-02
7.424242424242424310e-01 2.161668138791137186e-02
7.575757575757575690e-01 2.152751173283799432e-02
7.727272727272727071e-01 2.143613432642261021e-02
7.878787878787878451e-01 2.134264730222979606e-02
8.030303030303030942e-01 2.125085059280664226e-02
8.181818181818182323e-01 2.117052568611826890e-02
8.333333333333333703e-01 2.109810167716487730e-02
8.484848484848485084e-01 2.100130060235778223e-02
8.636363636363636465e-01 2.091568304822046670e-02
8.787878787878787845e-01 2.088468035910527945e-02
8.939393939393939226e-01 2.084432185931229045e-02
9.090909090909091717e-01 2.077412837739828211e-02
9.242424242424243097e-01 2.072970650785056768e-02
9.393939393939394478e-01 2.066968803078116437e-02
9.545454545454545858e-01 2.060474280073220504e-02
9.696969696969697239e-01 2.053613210348406021e-02
9.848484848484848619e-01 2.047036779218361011e-02
1.000000000000000000e+00 2.041726678715940352e-02
1.015151515151515138e+00 2.033506475757764290e-02
1.030303030303030276e+00 2.029795258639003480e-02
1.045454545454545414e+00 2.024516438081292585e-02
1.060606060606060552e+00 2.020347169938928669e-02
1.075757575757575690e+00 2.019007425525103788e-02
1.090909090909090828e+00 2.013430539107920192e-02
1.106060606060606188e+00 2.008950818746094852e-02
1.121212121212121327e+00 2.007187104065403377e-02
1.136363636363636465e+00 2.007385791936976832e-02
1.151515151515151603e+00 2.006670168880076224e-02
1.166666666666666741e+00 2.002774709398429456e-02
1.181818181818181879e+00 1.998987234308162095e-02
1.196969696969697017e+00 1.991582376740659230e-02
1.212121212121212155e+00 1.986248611119512120e-02
1.227272727272727293e+00 1.982892945077331659e-02
1.242424242424242431e+00 1.978791323128572394e-02
1.257575757575757569e+00 1.975026685663684375e-02
1.272727272727272707e+00 1.974076058404877071e-02
1.287878787878787845e+00 1.973197661555648949e-02
1.303030303030302983e+00 1.969444670215075507e-02
1.318181818181818121e+00 1.967679036344572099e-02
1.333333333333333481e+00 1.965599702822133296e-02
1.348484848484848619e+00 1.963398762407161935e-02
1.363636363636363757e+00 1.960976679842648188e-02
1.378787878787878896e+00 1.958547795762509425e-02
1.393939393939394034e+00 1.957543352983519280e-02
1.409090909090909172e+00 1.952937251531360052e-02
1.424242424242424310e+00 1.950411155691127857e-02
1.439393939393939448e+00 1.946359711251095803e-02
1.454545454545454586e+00 1.943132348507040433e-02
1.469696969696969724e+00 1.942587994013417196e-02
1.484848484848484862e+00 1.939052962995243060e-02
1.500000000000000000e+00 1.933091884132673299e-02
