0.000000000000000000e+00 2.275992714482224372e-03
1.515151515151515194e-02 8.290325980201010414e-02
3.030303030303030387e-02 6.256637175068316403e-02
4.545454545454545581e-02 5.376564489045318473e-02
6.060606060606060774e-02 4.843619563875434242e-02
7.575757575757575968e-02 4.478709399615742742e-02
9.090909090909091161e-02 4.210693560165518212e-02
1.060606060606060635e-01 4.010233773640390492e-02
1.212121212121212155e-01 3.849306703494941029e-02
1.363636363636363535e-01 3.711411538686092138e-02
1.515151515151515194e-01 3.596195606155946911e-02
1.666666666666666852e-01 3.505337890301287590e-02
1.818181818181818232e-01 3.427240027362943309e-02
1.969696969696969613e-01 3.360179745878276447e-02
2.121212121212121271e-01 3.294099443982152070e-02
2.272727272727272929e-01 3.233671287870699962e-02
2.424242424242424310e-01 3.176733725494700067e-02
2.575757575757575690e-01 3.134914437721092462e-02
2.727272727272727071e-01 3.092922568931029056e-02
2.878787878787879007e-01 3.054594873679255737e-02
3.030303030303030387e-01 3.017956842022458813e-02
3.181818181818181768e-01 2.988269934675841233e-02
3.333333333333333703e-01 2.956290585455465317e-02
3.484848484848485084e-01 2.930273505388035840e-02
3.636363636363636465e-01 2.900985503443179528e-02
3.787878787878787845e-01 2.866808872455857762e-02
3.939393939393939226e-01 2.836654334486451989e-02
4.090909090909091161e-01 2.808455541721910712e-02
4.242424242424242542e-01 2.781902795395406469e-02
4.393939393939393923e-01 2.754728380256724757e-02
4.545454545454545858e-01 2.723301696249515180e-02
4.696969696969697239e-01 2.699677803893104494e-02
4.848484848484848619e-01 2.672921805292996153e-02
5.000000000000000000e-01 2.648120005995327486e-02
5.151515151515151381e-01 2.626841284066125382e-02
5.303030303030302761e-01 2.604351083730459260e-02
5.454545454545454142e-01 2.583301852414617017e-02
5.606060606060606633e-01 2.559967207029009359e-02
5.757575757575758013e-01 2.541486550584059340e-02
5.909090909090909394e-01 2.523681979369737233e-02
6.060606060606060774e-01 2.506753058976893267e-02
6.212121212121212155e-01 2.494466951584755482e-02
6.363636363636363535e-01 2.475969360696377367e-02
6.515151515151514916e-01 2.459164241712908511e-02
6.666666666666667407e-01 2.444979439951696504e-02
6.818181818181818787e-01 2.430942007958234938e-02
6.969696969696970168e-01 2.418317662063118254e-02
7.121212121212121549e-01 2.405769742780388548e-02
7.272727272727272929e-01 2.395703849052211246e-02
7.424242424242424310e-01 2.382424255450948242e-02
7.575757575757575690e-01 2.367128715646493395e-02
7.727272727272727071e-01 2.354251051071182960e-02
7.878787878787878451e-01 2.346343402114153473e-02
8.030303030303030942e-01 2.336594252132204522e-02
8.181818181818182323e-01 2.330645421061914094e-02
8.333333333333333703e-01 2.325191657836625514e-02
8.484848484848485084e-01 2.318793913053517758e-02
8.636363636363636465e-01 2.312495370849116175e-02
8.787878787878787845e-01 2.306146960873783555e-02
8.939393939393939226e-01 2.298566566810303011e-02
9.090909090909091717e-01 2.290772499677589530e-02
9.242424242424243097e-01 2.285477698005126609e-02
9.393939393939394478e-01 2.279731488004796414e-02
9.545454545454545858e-01 2.275083871050189929e-02
9.696969696969697239e-01 2.268841310267518535e-02
9.848484848484848619e-01 2.263571117068794228e-02
1.000000000000000000e+00 2.257546161806199547e-02
1.015151515151515138e+00 2.253610736258394170e-02
1.030303030303030276e+00 2.249711153471567818e-02
1.045454545454545414e+00 2.248062907435543697e-02
1.060606060606060552e+00 2.244938212939743410e-02
1.075757575757575690e+00 2.241275842874150201e-02
1.090909090909090828e+00 2.238072296354209206e-02
1.106060606060606188e+00 2.232022633462991956e-02
1.121212121212121327e+00 2.229824229378227218e-02
1.136363636363636465e+00 2.227957849446658700e-02
1.151515151515151603e+00 2.224149976104878440e-02
1.166666666666666741e+00 2.226058566968198635e-02
1.181818181818181879e+00 2.223940235558721779e-02
1.196969696969697017e+00 2.220228338185915862e-02
1.212121212121212155e+00 2.219766198300051133e-02
1.227272727272727293e+00 2.215418079843255519e-02
1.242424242424242431e+00 2.211858801649849854e-02
1.257575757575757569e+00 2.209885145804058731e-02
1.272727272727272707e+00 2.208710643110228453e-02
1.287878787878787845e+00 2.207684506199463978e-02
1.303030303030302983e+00 2.205578900479435861e-02
1.318181818181818121e+00 2.202012298617419053e-02
1.333333333333333481e+00 2.196919219916228239e-02
1.348484848484848619e+00 2.194115157999151910e-02
1.363636363636363757e+00 2.190557844708150570e-02
1.378787878787878896e+00 2.189641656728298982e-02
1.393939393939394034e+00 2.186266620402970220e-02
1.409090909090909172e+00 2.184191910056177549e-02
1.424242424242424310e+00 2.179120308730222652e-02
1.439393939393939448e+00 2.174994400002483105e-02
1.454545454545454586e+00 2.172932618372782829e-02
1.469696969696969724e+00 2.173835087646367598e-02
1.484848484848484862e+00 2.172407253053682333e-02
1.500000000000000000e+00 2.165613737226187302e-02
