0.000000000000000000e+00 2.268084054129125733e-03
1.515151515151515194e-02 8.296637733378495194e-02
3.030303030303030387e-02 6.254079572463493164e-02
4.545454545454545581e-02 5.361822085077740108e-02
6.060606060606060774e-02 4.834382388231534683e-02
7.575757575757575968e-02 4.474103110562638319e-02
9.090909090909091161e-02 4.210841908579156245e-02
1.060606060606060635e-01 4.007381348060599924e-02
1.212121212121212155e-01 3.843711175097834498e-02
1.363636363636363535e-01 3.708915811107631882e-02
1.515151515151515194e-01 3.597132909613882934e-02
1.666666666666666852e-01 3.500936566622712270e-02
1.818181818181818232e-01 3.415468957368568426e-02
1.969696969696969613e-01 3.343552993151499564e-02
2.121212121212121271e-01 3.279604371830819459e-02
2.272727272727272929e-01 3.221717921811340785e-02
2.424242424242424310e-01 3.171706035199654133e-02
2.575757575757575690e-01 3.125564934549797391e-02
2.727272727272727071e-01 3.083936964087080623e-02
2.878787878787879007e-01 3.046423350352174889e-02
3.030303030303030387e-01 3.013292058285562541e-02
3.181818181818181768e-01 2.981927079188014321e-02
3.333333333333333703e-01 2.951884998832160836e-02
3.484848484848485084e-01 2.924718095707679738e-02
3.636363636363636465e-01 2.899692910797376649e-02
3.787878787878787845e-01 2.875096107863777187e-02
3.939393939393939226e-01 2.849724061822566865e-02
4.090909090909091161e-01 2.826433569662101936e-02
4.242424242424242542e-01 2.801026367276545498e-02
4.393939393939393923e-01 2.775351612624806300e-02
4.545454545454545858e-01 2.751823522339817349e-02
4.696969696969697239e-01 2.727988226230671984e-02
4.848484848484848619e-01 2.705673582511991179e-02
5.000000000000000000e-01 2.683786637621603938e-02
5.151515151515151381e-01 2.662005992309909169e-02
5.303030303030302761e-01 2.642342898588430355e-02
5.454545454545454142e-01 2.622246998373847782e-02
5.606060606060606633e-01 2.603689626301048526e-02
5.757575757575758013e-01 2.585266952015730091e-02
5.909090909090909394e-01 2.568120816077722884e-02
6.060606060606060774e-01 2.552012724715555306e-02
6.212121212121212155e-01 2.536361693209633963e-02
6.363636363636363535e-01 2.522753535923239268e-02
6.515151515151514916e-01 2.509365421056104425e-02
6.666666666666667407e-01 2.496198970167905901e-02
6.818181818181818787e-01 2.485369107835578087e-02
6.969696969696970168e-01 2.471819755446481165e-02
7.121212121212121549e-01 2.458460541261783122e-02
7.272727272727272929e-01 2.446699277157091471e-02
7.424242424242424310e-01 2.435380479109982080e-02
7.575757575757575690e-01 2.423237962670618181e-02
7.727272727272727071e-01 2.411525073251053961e-02
7.878787878787878451e-01 2.400348453308360705e-02
8.030303030303030942e-01 2.389919396252303957e-02
8.181818181818182323e-01 2.380070292681016331e-02
8.333333333333333703e-01 2.370165921226882050e-02
8.484848484848485084e-01 2.360653377720831059e-02
8.636363636363636465e-01 2.352073733446512216e-02
8.787878787878787845e-01 2.343262560891813326e-02
8.939393939393939226e-01 2.335274350244333913e-02
9.090909090909091717e-01 2.327495131275562207e-02
9.242424242424243097e-01 2.318746777898588948e-02
9.393939393939394478e-01 2.310256069452190988e-02
9.545454545454545858e-01 2.302516712404235541e-02
9.696969696969697239e-01 2.295885511830657311e-02
9.848484848484848619e-01 2.291621592663664261e-02
1.000000000000000000e+00 2.288023272437011632e-02
1.015151515151515138e+00 2.285588165754649792e-02
1.030303030303030276e+00 2.282407406642122244e-02
1.045454545454545414e+00 2.280226721691066410e-02
1.060606060606060552e+00 2.277704329292464663e-02
1.075757575757575690e+00 2.276355853746617544e-02
1.090909090909090828e+00 2.274281038490517937e-02
1.106060606060606188e+00 2.271056998251162751e-02
1.121212121212121327e+00 2.269659307195556058e-02
1.136363636363636465e+00 2.266372389990920291e-02
1.151515151515151603e+00 2.263481758766831484e-02
1.166666666666666741e+00 2.261104098162032908e-02
1.181818181818181879e+00 2.259084143749341689e-02
1.196969696969697017e+00 2.256487032698860362e-02
1.212121212121212155e+00 2.254290338960856718e-02
1.227272727272727293e+00 2.251007281963519208e-02
1.242424242424242431e+00 2.249492842106447926e-02
1.257575757575757569e+00 2.248045242660555443e-02
1.272727272727272707e+00 2.245501955443953215e-02
1.287878787878787845e+00 2.244360602732040771e-02
1.303030303030302983e+00 2.241682929872718805e-02
1.318181818181818121e+00 2.240628473537102996e-02
1.333333333333333481e+00 2.238501053176448694e-02
1.348484848484848619e+00 2.236209008273071577e-02
1.363636363636363757e+00 2.233675463675132908e-02
1.378787878787878896e+00 2.231993811231849575e-02
1.393939393939394034e+00 2.230563636549816667e-02
1.409090909090909172e+00 2.228341056904722256e-02
1.424242424242424310e+00 2.225208273438532280e-02
1.439393939393939448e+00 2.221364794581258753e-02
1.454545454545454586e+00 2.218841779763993868e-02
1.469696969696969724e+00 2.214216460974494441e-02
1.484848484848484862e+00 2.207966750570893727e-02
1.500000000000000000e+00 2.194839607826694003e-02
