0.000000000000000000e+00 2.239307430033679949e-03
1.515151515151515194e-02 8.317023262166035880e-02
3.030303030303030387e-02 6.273725865298676596e-02
4.545454545454545581e-02 5.374818192760744823e-02
6.060606060606060774e-02 4.843163933293209017e-02
7.575757575757575968e-02 4.481032401162113321e-02
9.090909090909091161e-02 4.205423396712908157e-02
1.060606060606060635e-01 3.995009310604918928e-02
1.212121212121212155e-01 3.829603245441021153e-02
1.363636363636363535e-01 3.689533475828845471e-02
1.515151515151515194e-01 3.575589836519919157e-02
1.666666666666666852e-01 3.473091578341957336e-02
1.818181818181818232e-01 3.386812994667775384e-02
1.969696969696969613e-01 3.313665235119140490e-02
2.121212121212121271e-01 3.246890019790830278e-02
2.272727272727272929e-01 3.188695074137834484e-02
2.424242424242424310e-01 3.136556902724980250e-02
2.575757575757575690e-01 3.090351557313914671e-02
2.727272727272727071e-01 3.049912247598141751e-02
2.878787878787879007e-01 3.011808678416938445e-02
3.030303030303030387e-01 2.974069210842123986e-02
3.181818181818181768e-01 2.936331062278181234e-02
3.333333333333333703e-01 2.905992166586686062e-02
3.484848484848485084e-01 2.878938850681402734e-02
3.636363636363636465e-01 2.849797439079963107e-02
3.787878787878787845e-01 2.824610275761065339e-02
3.939393939393939226e-01 2.798172309252541443e-02
4.090909090909091161e-01 2.772323880924739553e-02
4.242424242424242542e-01 2.750792681860607380e-02
4.393939393939393923e-01 2.728206420641204888e-02
4.545454545454545858e-01 2.704418174691312557e-02
4.696969696969697239e-01 2.684965628209473945e-02
4.848484848484848619e-01 2.663359241546451456e-02
5.000000000000000000e-01 2.642259608176844229e-02
5.151515151515151381e-01 2.627166853171461133e-02
5.303030303030302761e-01 2.609229436028601481e-02
5.454545454545454142e-01 2.592142871166069548e-02
5.606060606060606633e-01 2.575417893250573492e-02
5.757575757575758013e-01 2.559807585143965628e-02
5.909090909090909394e-01 2.544690018537670503e-02
6.060606060606060774e-01 2.529277753247533012e-02
6.212121212121212155e-01 2.512721218633567205e-02
6.363636363636363535e-01 2.496402113193340114e-02
6.515151515151514916e-01 2.483099243276209317e-02
6.666666666666667407e-01 2.469515622418282444e-02
6.818181818181818787e-01 2.451946759323996028e-02
6.969696969696970168e-01 2.437754605829416457e-02
7.121212121212121549e-01 2.426275951963887192e-02
7.272727272727272929e-01 2.415673354392547031e-02
7.424242424242424310e-01 2.402525876557964554e-02
7.575757575757575690e-01 2.392359821028410688e-02
7.727272727272727071e-01 2.384648690536319768e-02
7.878787878787878451e-01 2.375691832722708757e-02
8.030303030303030942e-01 2.364595118972263876e-02
8.181818181818182323e-01 2.354616217729664854e-02
8.333333333333333703e-01 2.345965277309073130e-02
8.484848484848485084e-01 2.338709881217270609e-02
8.636363636363636465e-01 2.331944847668972892e-02
8.787878787878787845e-01 2.324653899004294408e-02
8.939393939393939226e-01 2.319169495872466791e-02
9.090909090909091717e-01 2.313011054185208984e-02
9.242424242424243097e-01 2.307415588328209574e-02
9.393939393939394478e-01 2.302502389488576828e-02
9.545454545454545858e-01 2.299555157032346850e-02
9.696969696969697239e-01 2.295370015939351277e-02
9.848484848484848619e-01 2.291854126547256121e-02
1.000000000000000000e+00 2.288263688694153544e-02
1.015151515151515138e+00 2.283079529031274355e-02
1.030303030303030276e+00 2.278206700396234741e-02
1.045454545454545414e+00 2.274991400501117506e-02
1.060606060606060552e+00 2.270800869296003832e-02
1.075757575757575690e+00 2.268291993995839514e-02
1.090909090909090828e+00 2.262541532154854762e-02
1.106060606060606188e+00 2.258816421778566189e-02
1.121212121212121327e+00 2.256180295566396696e-02
1.136363636363636465e+00 2.253418922012013353e-02
1.151515151515151603e+00 2.253436371903545440e-02
1.166666666666666741e+00 2.253497797370348360e-02
1.181818181818181879e+00 2.254336974033969293e-02
1.196969696969697017e+00 2.253177338178272843e-02
1.212121212121212155e+00 2.251299607260804150e-02
1.227272727272727293e+00 2.247459802177088212e-02
1.242424242424242431e+00 2.245211673280607043e-02
1.257575757575757569e+00 2.242350690772632049e-02
1.272727272727272707e+00 2.241042805213700959e-02
1.287878787878787845e+00 2.239878479537031272e-02
1.303030303030302983e+00 2.239275508268093878e-02
1.318181818181818121e+00 2.237947182451867356e-02
1.333333333333333481e+00 2.235519027580943133e-02
1.348484848484848619e+00 2.231374195715443709e-02
1.363636363636363757e+00 2.227950263001611877e-02
1.378787878787878896e+00 2.226376447941070050e-02
1.393939393939394034e+00 2.226112222506241439e-02
1.409090909090909172e+00 2.224211956477798249e-02
1.424242424242424310e+00 2.222242800154994313e-02
1.439393939393939448e+00 2.221677503191918368e-02
1.454545454545454586e+00 2.221048269591672022e-02
1.469696969696969724e+00 2.219830275089395774e-02
1.484848484848484862e+00 2.218117080848159769e-02
1.500000000000000000e+00 2.220620106117580581e-02
