0.000000000000000000e+00 2.361737369301800983e-03
1.515151515151515194e-02 8.788709828144777858e-02
3.030303030303030387e-02 6.663792036921918627e-02
4.545454545454545581e-02 5.738870621053879240e-02
6.060606060606060774e-02 5.183954671558566735e-02
7.575757575757575968e-02 4.814641347258426241e-02
9.090909090909091161e-02 4.536324743119008601e-02
1.060606060606060635e-01 4.324703016621443685e-02
1.212121212121212155e-01 4.158587286231973934e-02
1.363636363636363535e-01 4.020287156893243702e-02
1.515151515151515194e-01 3.901914162149722198e-02
1.666666666666666852e-01 3.801094834867840139e-02
1.818181818181818232e-01 3.714454981513675563e-02
1.969696969696969613e-01 3.635151677151556709e-02
2.121212121212121271e-01 3.565455813166122645e-02
2.272727272727272929e-01 3.507287234650127011e-02
2.424242424242424310e-01 3.448822055076333076e-02
2.575757575757575690e-01 3.399704042501473789e-02
2.727272727272727071e-01 3.356171725730875549e-02
2.878787878787879007e-01 3.315502173672131569e-02
3.030303030303030387e-01 3.278357291143466079e-02
3.181818181818181768e-01 3.246519321351881010e-02
3.333333333333333703e-01 3.214301231027652528e-02
3.484848484848485084e-01 3.183926986324245312e-02
3.636363636363636465e-01 3.154872968874210953e-02
3.787878787878787845e-01 3.129378532212560848e-02
3.939393939393939226e-01 3.107182397671230320e-02
4.090909090909091161e-01 3.088326150224863717e-02
4.242424242424242542e-01 3.067842487220530032e-02
4.393939393939393923e-01 3.047528613176980761e-02
4.545454545454545858e-01 3.031041549067474417e-02
4.696969696969697239e-01 3.016170581354423591e-02
4.848484848484848619e-01 3.005116996999716503e-02
5.000000000000000000e-01 2.988958727190813361e-02
5.151515151515151381e-01 2.974220164816070849e-02
5.303030303030302761e-01 2.961711432147770551e-02
5.454545454545454142e-01 2.949797236382115453e-02
5.606060606060606633e-01 2.939612487926512169e-02
5.757575757575758013e-01 2.932176497491463529e-02
5.909090909090909394e-01 2.920903126906504790e-02
6.060606060606060774e-01 2.910007665363846183e-02
6.212121212121212155e-01 2.897919685164764003e-02
6.363636363636363535e-01 2.886635387109156778e-02
6.515151515151514916e-01 2.872253653775952778e-02
6.666666666666667407e-01 2.862322796542452613e-02
6.818181818181818787e-01 2.851763218310591694e-02
6.969696969696970168e-01 2.841236261673795935e-02
7.121212121212121549e-01 2.830433477691223984e-02
7.272727272727272929e-01 2.820064496108303995e-02
7.424242424242424310e-01 2.808513636140065606e-02
7.575757575757575690e-01 2.796509282034692970e-02
7.727272727272727071e-01 2.787907697639918636e-02
7.878787878787878451e-01 2.777330472573080397e-02
8.030303030303030942e-01 2.767755877770007936e-02
8.181818181818182323e-01 2.760648286833162005e-02
8.333333333333333703e-01 2.758318091052133075e-02
8.484848484848485084e-01 2.752726301951639171e-02
8.636363636363636465e-01 2.749986696955008733e-02
8.787878787878787845e-01 2.746258095208765557e-02
8.939393939393939226e-01 2.743707049766823045e-02
9.090909090909091717e-01 2.742599831099315488e-02
9.242424242424243097e-01 2.739835859350320604e-02
9.393939393939394478e-01 2.738699113978710839e-02
9.545454545454545858e-01 2.732323285459852327e-02
9.696969696969697239e-01 2.728255382155959571e-02
9.848484848484848619e-01 2.722583754836736120e-02
1.000000000000000000e+00 2.717958656846099913e-02
1.015151515151515138e+00 2.714665724341169817e-02
1.030303030303030276e+00 2.708297283540682734e-02
1.045454545454545414e+00 2.700468638789129891e-02
1.060606060606060552e+00 2.694694348226742489e-02
1.075757575757575690e+00 2.690777502869009727e-02
1.090909090909090828e+00 2.687001483999743034e-02
1.106060606060606188e+00 2.680306768689665053e-02
1.121212121212121327e+00 2.673875852513060702e-02
1.136363636363636465e+00 2.667310688603620472e-02
1.151515151515151603e+00 2.660608480496618258e-02
1.166666666666666741e+00 2.653730535275866664e-02
1.181818181818181879e+00 2.644198300510052987e-02
1.196969696969697017e+00 2.630692771334922422e-02
1.212121212121212155e+00 2.620915073161104308e-02
1.227272727272727293e+00 2.612277367432483399e-02
1.242424242424242431e+00 2.602374740733373604e-02
1.257575757575757569e+00 2.591681115666547366e-02
1.272727272727272707e+00 2.580178831983064719e-02
1.287878787878787845e+00 2.570261466599287406e-02
1.303030303030302983e+00 2.564657704961230758e-02
1.318181818181818121e+00 2.555797208374098461e-02
1.333333333333333481e+00 2.549454666754695509e-02
1.348484848484848619e+00 2.544317011977882334e-02
1.363636363636363757e+00 2.536596356277728836e-02
1.378787878787878896e+00 2.531262952046006362e-02
1.393939393939394034e+00 2.525478460025998989e-02
1.409090909090909172e+00 2.519433932561476394e-02
1.424242424242424310e+00 2.514221868215201633e-02
1.439393939393939448e+00 2.509489404461629630e-02
1.454545454545454586e+00 2.503943214858764602e-02
1.469696969696969724e+00 2.501647417343843757e-02
1.484848484848484862e+00 2.503283656350933917e-02
1.500000000000000000e+00 2.505099924506925396e-02
