0.000000000000000000e+00 2.495474183595085445e-03
1.515151515151515194e-02 9.342239256305598372e-02
3.030303030303030387e-02 7.139921577852031964e-02
4.545454545454545581e-02 6.178446575756162823e-02
6.060606060606060774e-02 5.607448828656957235e-02
7.575757575757575968e-02 5.219392995938708368e-02
9.090909090909091161e-02 4.935445134369470521e-02
1.060606060606060635e-01 4.712875707735474096e-02
1.212121212121212155e-01 4.531946084220489501e-02
1.363636363636363535e-01 4.382428893443328366e-02
1.515151515151515194e-01 4.254839804167900863e-02
1.666666666666666852e-01 4.148226362412288371e-02
1.818181818181818232e-01 4.053607810161420633e-02
1.969696969696969613e-01 3.972102934233712884e-02
2.121212121212121271e-01 3.894935183529148193e-02
2.272727272727272929e-01 3.828368053992201731e-02
2.424242424242424310e-01 3.772893122535322247e-02
2.575757575757575690e-01 3.715119677609569904e-02
2.727272727272727071e-01 3.665602834203787047e-02
2.878787878787879007e-01 3.620202242246986502e-02
3.030303030303030387e-01 3.576837866114634251e-02
3.181818181818181768e-01 3.541174396540396757e-02
3.333333333333333703e-01 3.509753546358110321e-02
3.484848484848485084e-01 3.479442309318404175e-02
3.636363636363636465e-01 3.449918408944709081e-02
3.787878787878787845e-01 3.417599975069994522e-02
3.939393939393939226e-01 3.390230019832189690e-02
4.090909090909091161e-01 3.360184286303043166e-02
4.242424242424242542e-01 3.331974767282089300e-02
4.393939393939393923e-01 3.303013957688367280e-02
4.545454545454545858e-01 3.283530001907964541e-02
4.696969696969697239e-01 3.258683821470172159e-02
4.848484848484848619e-01 3.235430586095686123e-02
5.000000000000000000e-01 3.214209619671323098e-02
5.151515151515151381e-01 3.195235457691210368e-02
5.303030303030302761e-01 3.174398832795751607e-02
5.454545454545454142e-01 3.155423131223270700e-02
5.606060606060606633e-01 3.137559186494354863e-02
5.757575757575758013e-01 3.121711354219982443e-02
5.909090909090909394e-01 3.108292871111176248e-02
6.060606060606060774e-01 3.095963774374252409e-02
6.212121212121212155e-01 3.085068107248595259e-02
6.363636363636363535e-01 3.072754581723460832e-02
6.515151515151514916e-01 3.061403011985453990e-02
6.666666666666667407e-01 3.048191486708854217e-02
6.818181818181818787e-01 3.036610053417591881e-02
6.969696969696970168e-01 3.026985844336656239e-02
7.121212121212121549e-01 3.018164418504500762e-02
7.272727272727272929e-01 3.010060325082919430e-02
7.424242424242424310e-01 3.003286903752357823e-02
7.575757575757575690e-01 2.998610000172545823e-02
7.727272727272727071e-01 2.990066731461860083e-02
7.878787878787878451e-01 2.980110293157867477e-02
8.030303030303030942e-01 2.970777065791786395e-02
8.181818181818182323e-01 2.960536772822960211e-02
8.333333333333333703e-01 2.954533618698557476e-02
8.484848484848485084e-01 2.949591029468669884e-02
8.636363636363636465e-01 2.945892628584380335e-02
8.787878787878787845e-01 2.940908812044196186e-02
8.939393939393939226e-01 2.938760612973006711e-02
9.090909090909091717e-01 2.936898682252596024e-02
9.242424242424243097e-01 2.935416895207604293e-02
9.393939393939394478e-01 2.935877478994026665e-02
9.545454545454545858e-01 2.935976307161882598e-02
9.696969696969697239e-01 2.932535757515845540e-02
9.848484848484848619e-01 2.933148671733473017e-02
1.000000000000000000e+00 2.932744075590500848e-02
1.015151515151515138e+00 2.931061069438373537e-02
1.030303030303030276e+00 2.927822940806194818e-02
1.045454545454545414e+00 2.926413260204299011e-02
1.060606060606060552e+00 2.923229724146610489e-02
1.075757575757575690e+00 2.922467225536212396e-02
1.090909090909090828e+00 2.920551342060974734e-02
1.106060606060606188e+00 2.921295087719614353e-02
1.121212121212121327e+00 2.919063064719801953e-02
1.136363636363636465e+00 2.917805030565913393e-02
1.151515151515151603e+00 2.916149293408338075e-02
1.166666666666666741e+00 2.916033430447561789e-02
1.181818181818181879e+00 2.909903783128815410e-02
1.196969696969697017e+00 2.906700491050366944e-02
1.212121212121212155e+00 2.904494276535074873e-02
1.227272727272727293e+00 2.902124204401303198e-02
1.242424242424242431e+00 2.897744613864545321e-02
1.257575757575757569e+00 2.892671184834898560e-02
1.272727272727272707e+00 2.890050791580117684e-02
1.287878787878787845e+00 2.886208134129282857e-02
1.303030303030302983e+00 2.883671656276274448e-02
1.318181818181818121e+00 2.881112154813705167e-02
1.333333333333333481e+00 2.879404677694327730e-02
1.348484848484848619e+00 2.880392179708961622e-02
1.363636363636363757e+00 2.878631626893909945e-02
1.378787878787878896e+00 2.876517471547346619e-02
1.393939393939394034e+00 2.873328904769200179e-02
1.409090909090909172e+00 2.865601342963680978e-02
1.424242424242424310e+00 2.863386235751289033e-02
1.439393939393939448e+00 2.860660319527251472e-02
1.454545454545454586e+00 2.860534839535635102e-02
1.469696969696969724e+00 2.855442542283415791e-02
1.484848484848484862e+00 2.850263101700905785e-02
1.500000000000000000e+00 2.847762189180810810e-02
